Some of these solutions are not valid. Example 2
1nic1, non-improving cycles, 1, 1927534.211094742, 0.594434214, 228, 294, 310, 0, 165, 106, 199, 131, 5, 223
2nic1, non-improving cycles, 2, 2084146.6278329438, 1.018151208, 231, 294, 336, 224, 148, 216, 245, 0, 64, 98
3nic1, non-improving cycles, 3, 1717578.5261773397, 0.48639002, 277, 309, 0, 174, 206, 25, 262, 69, 104, 270
4nic1, non-improving cycles, 4, 1946713.0745872403, 0.527066324, 245, 463, 481, 0, 371, 371, 386, 392, 217, 178
5nic1, non-improving cycles, 5, 1886599.0034400846, 0.35033341, 260, 408, 396, 0, 166, 370, 297, 325, 139, 121
6nic1, non-improving cycles, 6, 1854059.9721836867, 0.26118253, 290, 417, 67, 337, 386, 185, 356, 234, 190, 0
7nic1, non-improving cycles, 7, 1556369.0474897036, 0.29419214, 207, 329, 111, 0, 310, 248, 292, 283, 127, 129
8nic1, non-improving cycles, 8, 1552890.4829313857, 0.541273036, 162, 327, 339, 0, 283, 259, 246, 252, 95, 148
9nic1, non-improving cycles, 9, 1607112.9918894903, 0.690320773, 38, 300, 0, 153, 297, 320, 279, 269, 113, 57
10nic1, non-improving cycles, 10, 1786305.3518288522, 0.481846034, 315, 389, 404, 193, 253, 342, 313, 301, 154, 0
11nic1, non-improving cycles, 11, 1776995.1551586986, 0.690066643, 329, 362, 419, 0, 234, 308, 325, 317, 163, 182
12nic1, non-improving cycles, 12, 1898710.3697956263, 0.673245218, 160, 321, 341, 95, 283, 244, 229, 262, 36, 0
13nic1, non-improving cycles, 13, 1678298.242907398, 0.529065583, 313, 383, 53, 0, 157, 320, 319, 286, 164, 177
14nic1, non-improving cycles, 14, 1734773.0967525807, 1.550579789, 195, 336, 391, 0, 350, 364, 298, 211, 142, 314
15nic1, non-improving cycles, 15, 1786706.7777590258, 1.257823797, 296, 355, 382, 0, 228, 183, 258, 295, 101, 105
16nic1, non-improving cycles, 16, 1838967.525336274, 0.634019425, 89, 225, 311, 103, 218, 257, 220, 213, 56, 0
17nic1, non-improving cycles, 17, 1727082.4874608633, 0.730241263, 194, 345, 390, 0, 307, 310, 280, 292, 105, 192
18nic1, non-improving cycles, 18, 1730832.5706147335, 0.974283483, 75, 280, 189, 108, 198, 141, 199, 206, 35, 0
19nic1, non-improving cycles, 19, 1767672.2814977705, 1.776512171, 68, 322, 349, 0, 298, 252, 253, 252, 69, 138
20nic1, non-improving cycles, 20, 1679954.1035535142, 1.939476226, 203, 294, 90, 140, 312, 188, 282, 272, 98, 0
21nic1, non-improving cycles, 21, 1639936.808307073, 1.481952561, 298, 336, 0, 119, 236, 269, 298, 291, 140, 7
22nic1, non-improving cycles, 22, 1804493.9093971895, 1.582716483, 330, 376, 0, 196, 244, 223, 335, 91, 118, 309
23nic1, non-improving cycles, 23, 1737005.8243305217, 1.170374394, 0, 328, 22, 138, 237, 267, 253, 244, 35, 35
24nic1, non-improving cycles, 24, 1698756.2258720938, 1.468518515, 240, 317, 1, 237, 179, 260, 225, 146, 72, 0
25nic1, non-improving cycles, 25, 1625361.2098996157, 3.096386113, 144, 299, 318, 0, 262, 251, 224, 215, 73, 98
26nic1, non-improving cycles, 26, 1653777.6650332275, 2.153944776, 256, 382, 0, 222, 375, 269, 345, 335, 178, 97
27nic1, non-improving cycles, 27, 1478506.5862478511, 2.346596469, 93, 299, 0, 22, 247, 266, 229, 229, 60, 113
28nic1, non-improving cycles, 28, 1810789.9671360366, 1.638823188, 199, 240, 310, 0, 101, 284, 219, 206, 64, 112
29nic1, non-improving cycles, 29, 1770344.3003158378, 1.532349224, 358, 320, 131, 0, 281, 407, 349, 356, 193, 249
30nic1, non-improving cycles, 30, 1576799.7447830627, 1.765989659, 263, 353, 0, 83, 176, 210, 286, 189, 124, 293
31nic1, non-improving cycles, 31, 1676232.3538921769, 3.420334252, 115, 336, 370, 0, 321, 271, 278, 262, 121, 159
32nic1, non-improving cycles, 32, 1624294.684298583, 2.999802673, 271, 318, 0, 274, 210, 230, 275, 160, 110, 57
33nic1, non-improving cycles, 33, 1768039.9898052479, 1.625647816, 348, 365, 0, 244, 287, 390, 334, 109, 155, 348
34nic1, non-improving cycles, 34, 1715152.2556210565, 1.479066894, 294, 355, 13, 0, 227, 105, 295, 173, 77, 274
35nic1, non-improving cycles, 35, 1639229.3011171897, 2.386553281, 261, 323, 26, 102, 191, 196, 252, 254, 101, 0
36nic1, non-improving cycles, 36, 1695835.1170656038, 2.706372858, 197, 267, 0, 231, 129, 233, 231, 139, 62, 33
37nic1, non-improving cycles, 37, 1710405.8400828755, 2.053252211, 185, 314, 313, 0, 352, 353, 322, 292, 146, 200
38nic1, non-improving cycles, 38, 1580871.4141806234, 2.226150684, 71, 332, 7, 0, 277, 118, 259, 119, 97, 228
39nic1, non-improving cycles, 39, 1668266.234172068, 2.440111981, 234, 300, 47, 107, 157, 127, 221, 198, 69, 0
40nic1, non-improving cycles, 40, 1754221.4354425492, 2.95175806, 189, 314, 367, 164, 301, 157, 274, 269, 112, 0
41nic1, non-improving cycles, 41, 1613482.8513041348, 2.417869101, 0, 353, 99, 88, 310, 91, 288, 283, 133, 188
42nic1, non-improving cycles, 42, 1526869.9386578188, 5.227802999, 92, 333, 27, 0, 275, 235, 267, 155, 111, 249
43nic1, non-improving cycles, 43, 1688999.707848635, 2.509119307, 164, 313, 263, 174, 301, 262, 271, 271, 82, 0
44nic1, non-improving cycles, 44, 1651923.264097636, 2.30623963, 126, 363, 101, 100, 320, 265, 290, 276, 134, 0
45nic1, non-improving cycles, 45, 1762760.8273400557, 1.957571561, 319, 373, 52, 122, 247, 335, 326, 280, 165, 0
46nic1, non-improving cycles, 46, 1812902.3388708683, 2.972437468, 197, 335, 341, 0, 290, 251, 208, 244, 35, 143
47nic1, non-improving cycles, 47, 1601504.7791914723, 4.265475242, 195, 338, 0, 251, 310, 199, 284, 153, 132, 50
48nic1, non-improving cycles, 48, 1601309.695083702, 2.282322523, 83, 289, 211, 0, 246, 258, 226, 218, 54, 109
49nic1, non-improving cycles, 49, 1474374.4533081688, 3.033184427, 165, 319, 71, 0, 270, 213, 257, 257, 103, 106
50nic1, non-improving cycles, 50, 1706540.0533949027, 3.610235501, 189, 359, 389, 0, 328, 309, 297, 228, 134, 119
51nic1, non-improving cycles, 52, 1686883.1989511065, 7.95121157, 235, 362, 117, 0, 340, 305, 334, 320, 159, 137
52nic1, non-improving cycles, 54, 1672909.136254718, 3.767515202, 190, 394, 0, 312, 330, 256, 321, 192, 147, 71
53nic1, non-improving cycles, 56, 1744904.331243742, 2.607524027, 206, 339, 345, 118, 298, 304, 254, 230, 82, 0
54nic1, non-improving cycles, 58, 1703186.3612926719, 4.703831653, 325, 397, 409, 0, 257, 321, 315, 301, 160, 190
55nic1, non-improving cycles, 60, 1703669.2348852744, 2.873143336, 119, 311, 321, 97, 262, 279, 227, 204, 75, 0
56nic1, non-improving cycles, 62, 1646937.4721649955, 2.742452991, 212, 374, 395, 0, 315, 278, 304, 309, 139, 207
57nic1, non-improving cycles, 64, 1694730.3744638888, 3.759058599, 129, 375, 142, 0, 338, 39, 314, 303, 152, 132
58nic1, non-improving cycles, 66, 1699197.2700165117, 3.480941345, 0, 297, 29, 138, 291, 236, 258, 46, 106, 248
59nic1, non-improving cycles, 68, 1648318.682927404, 4.339693865, 129, 301, 308, 0, 254, 261, 212, 222, 53, 111
60nic1, non-improving cycles, 70, 1701549.3845060756, 5.152727032, 286, 377, 280, 0, 224, 345, 319, 312, 124, 210
61nic1, non-improving cycles, 72, 1569248.6446398366, 3.466976237, 114, 286, 11, 110, 209, 164, 213, 210, 53, 0
62nic1, non-improving cycles, 74, 1660544.444103266, 5.554159025, 0, 304, 246, 33, 282, 273, 255, 245, 83, 137
63nic1, non-improving cycles, 76, 1693909.0540090986, 5.778589052, 168, 337, 224, 0, 295, 278, 273, 263, 62, 97
64nic1, non-improving cycles, 78, 1594539.8866114714, 3.865028191, 60, 385, 0, 91, 340, 313, 318, 206, 165, 313
65nic1, non-improving cycles, 80, 1616778.5690426077, 6.452143381, 188, 296, 67, 0, 288, 30, 279, 224, 122, 132
66nic1, non-improving cycles, 82, 1605524.807421005, 3.39967998, 48, 328, 17, 0, 242, 247, 282, 274, 124, 153
67nic1, non-improving cycles, 84, 1644046.6211848245, 6.89350811, 344, 398, 0, 101, 281, 357, 334, 330, 160, 236
68nic1, non-improving cycles, 86, 1678317.62247516, 3.734969339, 298, 434, 0, 53, 389, 391, 344, 342, 169, 247
69nic1, non-improving cycles, 88, 1681564.5691750748, 5.645618192, 190, 355, 57, 158, 329, 244, 291, 281, 120, 0
70nic1, non-improving cycles, 90, 1639255.6886158353, 6.182181721, 232, 366, 70, 123, 325, 308, 289, 256, 131, 0
71nic1, non-improving cycles, 92, 1617853.6248861025, 6.094505298, 79, 309, 319, 0, 260, 268, 227, 232, 74, 140
72nic1, non-improving cycles, 94, 1597097.5817797254, 6.120102656, 220, 392, 0, 188, 341, 355, 326, 316, 173, 66
73nic1, non-improving cycles, 96, 1638675.8989456901, 5.478430135, 122, 314, 334, 0, 266, 281, 240, 233, 86, 113
74nic1, non-improving cycles, 98, 1583097.4832168012, 7.880697552, 292, 366, 0, 154, 230, 334, 292, 287, 108, 57
75nic1, non-improving cycles, 100, 1623655.3283874968, 4.91910688, 270, 345, 0, 252, 200, 292, 262, 156, 108, 27
76nic1, non-improving cycles, 104, 1635711.5708253467, 5.61354059, 253, 339, 59, 0, 351, 274, 314, 309, 137, 204
77nic1, non-improving cycles, 108, 1684342.641016211, 5.313344181, 207, 358, 14, 125, 333, 286, 301, 277, 130, 0
78nic1, non-improving cycles, 112, 1537873.540361652, 13.260995905, 262, 324, 0, 42, 186, 262, 248, 265, 86, 158
79nic1, non-improving cycles, 116, 1651166.216100314, 6.18578236, 247, 318, 230, 0, 172, 264, 247, 238, 62, 109
80nic1, non-improving cycles, 120, 1693219.442595425, 9.823734532, 304, 375, 377, 0, 239, 298, 283, 298, 128, 154
81nic1, non-improving cycles, 124, 1560818.2926444365, 10.052756779, 51, 314, 0, 139, 264, 170, 245, 230, 81, 23
82nic1, non-improving cycles, 128, 1547463.8242319531, 6.559241577, 231, 289, 0, 10, 157, 228, 243, 245, 78, 118
83nic1, non-improving cycles, 132, 1678670.0948092355, 8.68149325, 216, 403, 0, 295, 326, 325, 333, 194, 171, 84
84nic1, non-improving cycles, 136, 1555406.6793193514, 6.246678276, 179, 336, 346, 0, 291, 293, 255, 256, 99, 148
85nic1, non-improving cycles, 140, 1550021.66878567, 5.751542484, 283, 309, 0, 46, 221, 330, 291, 276, 133, 151
86nic1, non-improving cycles, 144, 1509101.320717161, 15.084914602, 145, 316, 3, 0, 297, 285, 275, 262, 119, 152
87nic1, non-improving cycles, 148, 1630166.394721475, 11.085975609, 76, 320, 0, 247, 274, 215, 244, 149, 72, 25
88nic1, non-improving cycles, 152, 1505932.917384062, 8.066187701, 146, 344, 76, 0, 282, 277, 280, 255, 127, 163
89nic1, non-improving cycles, 156, 1564989.1482463002, 18.698439767, 87, 312, 0, 119, 261, 246, 243, 241, 90, 0
90nic1, non-improving cycles, 160, 1667658.678993705, 7.047164373, 129, 317, 49, 242, 260, 268, 240, 110, 79, 0
91nic1, non-improving cycles, 164, 1662894.8775154296, 8.605042404, 200, 349, 100, 118, 314, 214, 301, 300, 145, 0
92nic1, non-improving cycles, 168, 1540412.661985421, 8.062836256, 158, 298, 8, 0, 279, 226, 248, 237, 71, 109
93nic1, non-improving cycles, 172, 1627947.7564135492, 9.283500907, 153, 291, 0, 191, 325, 322, 295, 85, 130, 289
94nic1, non-improving cycles, 176, 1613541.6050475826, 11.008363824, 287, 328, 13, 0, 220, 278, 280, 258, 93, 161
95nic1, non-improving cycles, 180, 1450912.7390436209, 24.656120424, 198, 338, 106, 0, 290, 259, 265, 243, 112, 143
96nic1, non-improving cycles, 184, 1554823.6755393012, 16.497605587, 138, 326, 0, 165, 285, 217, 279, 261, 124, 35
97nic1, non-improving cycles, 188, 1651014.8679441228, 10.89242896, 190, 366, 377, 0, 311, 290, 280, 292, 117, 123
98nic1, non-improving cycles, 192, 1597289.2764965817, 16.791943667, 212, 376, 45, 0, 322, 298, 312, 314, 128, 213
99nic1, non-improving cycles, 196, 1587973.4914704654, 29.375156552, 177, 318, 88, 112, 283, 279, 265, 243, 107, 0
100nic1, non-improving cycles, 200, 1589102.3905657728, 19.104162871, 251, 384, 0, 181, 347, 348, 304, 313, 150, 60
1nic2, non-improving cycles, 1, 2006186.0331811819, 0.041965952, 325, 386, 403, 219, 264, 199, 302, 124, 132, 0
2nic2, non-improving cycles, 2, 2198639.9411476543, 0.086620594, 245, 296, 307, 134, 160, 134, 196, 25, 0, 245
3nic2, non-improving cycles, 3, 1944946.926033105, 0.191514065, 159, 335, 385, 105, 276, 297, 293, 198, 82, 0
4nic2, non-improving cycles, 4, 1930661.5600795574, 0.371903942, 303, 396, 0, 300, 230, 339, 286, 75, 52, 191
5nic2, non-improving cycles, 5, 1812304.6325561467, 0.520887552, 120, 345, 36, 274, 289, 308, 269, 0, 103, 169
6nic2, non-improving cycles, 6, 1759541.9551361918, 0.323011796, 199, 355, 380, 91, 321, 273, 287, 239, 134, 0
7nic2, non-improving cycles, 7, 1683029.522162891, 0.452431287, 211, 356, 346, 0, 306, 278, 245, 282, 87, 176
8nic2, non-improving cycles, 8, 1792149.0773249655, 0.515847958, 306, 385, 393, 0, 245, 337, 265, 247, 114, 130
9nic2, non-improving cycles, 9, 1741274.15922234, 0.361596516, 246, 345, 0, 274, 184, 297, 284, 34, 131, 135
10nic2, non-improving cycles, 10, 1659802.2814297813, 1.135074307, 289, 384, 0, 185, 216, 349, 317, 302, 126, 74
11nic2, non-improving cycles, 11, 1911882.1785329687, 0.549557669, 385, 427, 470, 0, 275, 394, 367, 374, 203, 252
12nic2, non-improving cycles, 12, 1917823.9496262935, 0.977673325, 146, 362, 410, 148, 342, 323, 313, 255, 118, 0
13nic2, non-improving cycles, 13, 1776069.8110825694, 0.936292669, 237, 361, 386, 184, 328, 111, 289, 292, 122, 0
14nic2, non-improving cycles, 14, 1802465.2444695742, 0.762950889, 78, 343, 359, 111, 286, 301, 254, 258, 94, 0
15nic2, non-improving cycles, 15, 1662066.3871900358, 0.663199303, 204, 392, 0, 297, 350, 347, 327, 194, 160, 78
16nic2, non-improving cycles, 16, 1711237.960677838, 1.229259698, 126, 358, 104, 134, 301, 129, 292, 226, 120, 0
17nic2, non-improving cycles, 17, 1700441.416780325, 0.795188086, 295, 368, 358, 0, 228, 317, 265, 279, 100, 179
18nic2, non-improving cycles, 18, 1801398.244249349, 1.077262515, 255, 324, 343, 110, 152, 258, 250, 254, 85, 0
19nic2, non-improving cycles, 19, 1762386.340315851, 1.397918752, 196, 369, 404, 0, 332, 304, 312, 277, 139, 94
20nic2, non-improving cycles, 20, 1693553.5237423254, 1.583433417, 234, 332, 343, 0, 132, 277, 252, 255, 95, 108
21nic2, non-improving cycles, 21, 1662690.8999894292, 1.806753231, 158, 327, 0, 162, 290, 218, 269, 67, 55, 265
22nic2, non-improving cycles, 22, 1670035.0257278641, 3.169068959, 149, 284, 314, 0, 258, 230, 219, 197, 59, 101
23nic2, non-improving cycles, 23, 1613293.6209583117, 2.024488332, 251, 323, 0, 250, 160, 212, 252, 156, 90, 43
24nic2, non-improving cycles, 24, 1672008.6943684407, 1.058893886, 103, 381, 0, 143, 331, 343, 307, 250, 137, 14
25nic2, non-improving cycles, 25, 1684960.377424461, 1.395032208, 308, 374, 20, 0, 229, 286, 285, 295, 104, 130
26nic2, non-improving cycles, 26, 1690448.9050483555, 1.700107868, 160, 295, 318, 0, 256, 237, 213, 191, 62, 95
27nic2, non-improving cycles, 27, 1772412.843662812, 1.754063725, 197, 379, 400, 135, 328, 239, 309, 301, 158, 0
28nic2, non-improving cycles, 28, 1831201.9417497695, 1.154114508, 288, 426, 459, 0, 388, 390, 368, 372, 196, 222
29nic2, non-improving cycles, 29, 1796957.4713834713, 1.342356298, 193, 349, 366, 93, 284, 269, 274, 267, 81, 0
30nic2, non-improving cycles, 30, 1681020.7388177444, 2.968558903, 293, 362, 0, 272, 227, 180, 284, 154, 116, 49
31nic2, non-improving cycles, 31, 1640319.1090759046, 1.441346551, 170, 323, 17, 250, 274, 207, 258, 143, 106, 0
32nic2, non-improving cycles, 32, 1737765.8262319681, 1.488151551, 247, 274, 351, 0, 166, 229, 256, 248, 104, 107
33nic2, non-improving cycles, 33, 1664863.238562881, 2.85499532, 291, 362, 356, 0, 224, 307, 263, 291, 111, 174
34nic2, non-improving cycles, 34, 1734818.3188247574, 3.308942433, 322, 393, 0, 316, 259, 293, 298, 206, 105, 97
35nic2, non-improving cycles, 35, 1772221.3534392156, 1.968344411, 185, 353, 386, 103, 314, 221, 295, 294, 137, 0
36nic2, non-improving cycles, 36, 1719608.611031912, 3.706681678, 0, 368, 286, 175, 329, 327, 299, 267, 135, 62
37nic2, non-improving cycles, 37, 1688682.151858184, 1.783553573, 130, 275, 319, 0, 257, 187, 227, 182, 75, 91
38nic2, non-improving cycles, 38, 1652202.4600903792, 1.678377733, 101, 341, 0, 255, 244, 255, 266, 144, 110, 11
39nic2, non-improving cycles, 39, 1649030.8484782118, 3.967740618, 89, 322, 351, 0, 252, 271, 254, 265, 98, 174
40nic2, non-improving cycles, 40, 1683089.959973379, 2.939280047, 270, 335, 356, 0, 134, 297, 265, 270, 112, 147
41nic2, non-improving cycles, 41, 1653342.9968210338, 3.647391642, 95, 327, 25, 134, 310, 226, 280, 230, 127, 0
42nic2, non-improving cycles, 42, 1674113.873316436, 1.859388539, 132, 334, 342, 0, 274, 254, 246, 250, 69, 158
43nic2, non-improving cycles, 43, 1733957.6612973923, 2.184509903, 191, 311, 347, 111, 287, 134, 255, 225, 99, 0
44nic2, non-improving cycles, 44, 1626814.8257323008, 1.90892387, 168, 318, 230, 0, 280, 238, 246, 252, 50, 141
45nic2, non-improving cycles, 45, 1689466.3900348416, 3.258391421, 213, 346, 358, 0, 307, 280, 259, 125, 96, 229
46nic2, non-improving cycles, 46, 1755253.581233405, 2.198805112, 278, 340, 383, 0, 214, 285, 288, 291, 95, 149
47nic2, non-improving cycles, 47, 1661624.001792726, 4.719745853, 308, 388, 0, 309, 224, 257, 316, 216, 140, 88
48nic2, non-improving cycles, 48, 1616082.020033789, 2.480929083, 177, 304, 0, 93, 339, 250, 310, 209, 117, 302
49nic2, non-improving cycles, 49, 1717512.7329295909, 3.873960237, 271, 415, 326, 0, 376, 357, 352, 353, 171, 251
50nic2, non-improving cycles, 50, 1625045.3435052934, 4.311567855, 272, 375, 39, 0, 173, 338, 304, 290, 152, 130
51nic2, non-improving cycles, 52, 1759726.4944108303, 2.298855872, 206, 414, 0, 329, 341, 383, 354, 113, 200, 207
52nic2, non-improving cycles, 54, 1697233.7402860294, 5.574514281, 178, 320, 262, 100, 295, 251, 271, 192, 111, 0
53nic2, non-improving cycles, 56, 1550230.209705624, 3.81623274, 116, 359, 0, 176, 289, 262, 290, 290, 117, 80
54nic2, non-improving cycles, 58, 1714203.720557875, 3.145384381, 178, 301, 364, 0, 309, 350, 271, 266, 115, 116
55nic2, non-improving cycles, 60, 1640818.6316785018, 2.840876185, 299, 330, 293, 0, 230, 268, 300, 289, 138, 162
56nic2, non-improving cycles, 62, 1662792.4017213625, 3.615386254, 18, 315, 40, 98, 270, 232, 255, 251, 102, 0
57nic2, non-improving cycles, 64, 1593409.3839103817, 3.292352123, 256, 364, 4, 0, 347, 304, 318, 314, 143, 206
58nic2, non-improving cycles, 66, 1629357.0387881275, 4.58722139, 292, 294, 0, 196, 231, 238, 290, 87, 133, 290
59nic2, non-improving cycles, 68, 1601008.968398781, 5.555573141, 167, 334, 347, 0, 260, 296, 256, 244, 95, 134
60nic2, non-improving cycles, 70, 1780938.1454358094, 2.894600616, 221, 439, 435, 261, 398, 380, 344, 365, 182, 163
61nic2, non-improving cycles, 72, 1715182.5397238343, 7.91462027, 136, 318, 67, 244, 282, 260, 244, 100, 81, 0
62nic2, non-improving cycles, 74, 1514924.2992485776, 6.596814102, 121, 347, 0, 28, 300, 306, 273, 234, 106, 122
63nic2, non-improving cycles, 76, 1576938.8378674015, 9.595158392, 217, 352, 0, 257, 315, 304, 285, 149, 129, 52
64nic2, non-improving cycles, 78, 1661434.0806914917, 6.699941471, 256, 371, 108, 0, 364, 291, 333, 320, 150, 193
65nic2, non-improving cycles, 80, 1562535.5902482336, 7.056475828, 214, 323, 0, 169, 320, 216, 287, 268, 123, 51
66nic2, non-improving cycles, 82, 1701126.491231354, 6.256354751, 96, 274, 23, 226, 233, 128, 225, 113, 70, 0
67nic2, non-improving cycles, 84, 1679578.3531042158, 5.42144544, 191, 319, 234, 112, 285, 268, 263, 248, 77, 0
68nic2, non-improving cycles, 86, 1668074.9953686257, 5.745794409, 0, 368, 4, 165, 311, 267, 295, 285, 127, 56
69nic2, non-improving cycles, 88, 1574112.990905976, 7.053432323, 292, 359, 0, 6, 230, 318, 291, 253, 120, 107
70nic2, non-improving cycles, 90, 1575285.8735518276, 7.62769637, 116, 317, 61, 98, 268, 210, 240, 240, 77, 0
71nic2, non-improving cycles, 92, 1709951.098774083, 3.989970128, 250, 364, 24, 164, 146, 331, 290, 261, 139, 0
72nic2, non-improving cycles, 94, 1655187.3108375082, 4.905739075, 273, 348, 0, 269, 148, 303, 277, 148, 125, 54
73nic2, non-improving cycles, 96, 1620986.8479676049, 6.245221169, 306, 374, 113, 0, 241, 158, 288, 264, 136, 172
74nic2, non-improving cycles, 98, 1671962.2657951156, 9.85701233, 25, 314, 0, 251, 259, 225, 256, 156, 98, 14
75nic2, non-improving cycles, 100, 1653141.6445690035, 5.777668667, 183, 279, 22, 125, 294, 244, 265, 253, 83, 0
76nic2, non-improving cycles, 104, 1491394.8659701757, 13.617610893, 195, 292, 57, 0, 290, 251, 259, 242, 107, 106
77nic2, non-improving cycles, 108, 1564757.7730839252, 11.539323087, 302, 375, 0, 25, 228, 280, 313, 313, 155, 189
78nic2, non-improving cycles, 112, 1626917.5421874297, 8.231420666, 85, 320, 0, 121, 269, 282, 272, 244, 92, 27
79nic2, non-improving cycles, 116, 1627253.9340106975, 10.895701364, 128, 376, 0, 8, 334, 291, 314, 291, 123, 159
80nic2, non-improving cycles, 120, 1630698.7122172124, 6.713094245, 172, 290, 236, 0, 272, 147, 243, 221, 56, 129
81nic2, non-improving cycles, 124, 1504348.3265503875, 5.519214394, 100, 287, 0, 3, 259, 160, 230, 225, 64, 128
82nic2, non-improving cycles, 128, 1698614.6511239638, 5.873827455, 207, 369, 387, 0, 333, 317, 283, 171, 119, 281
83nic2, non-improving cycles, 132, 1551043.0751556999, 5.735006997, 213, 362, 61, 0, 326, 237, 298, 268, 147, 119
84nic2, non-improving cycles, 136, 1609306.7665879077, 12.228825965, 0, 272, 25, 13, 231, 149, 226, 218, 65, 117
85nic2, non-improving cycles, 140, 1639965.0410114862, 6.300308309, 179, 344, 253, 0, 315, 312, 289, 251, 91, 157
86nic2, non-improving cycles, 144, 1673189.010221325, 7.889183987, 305, 362, 290, 0, 225, 282, 296, 301, 128, 139
87nic2, non-improving cycles, 148, 1646177.60558817, 13.5072461, 126, 245, 0, 103, 235, 261, 240, 222, 58, 8
88nic2, non-improving cycles, 152, 1618752.3965924107, 8.867969187, 107, 298, 0, 111, 282, 214, 259, 217, 87, 6
89nic2, non-improving cycles, 156, 1620824.9902844587, 13.694926585, 165, 398, 136, 0, 351, 316, 326, 315, 174, 147
90nic2, non-improving cycles, 160, 1499536.073033955, 9.112470076, 269, 339, 36, 0, 204, 308, 266, 269, 112, 138
91nic2, non-improving cycles, 164, 1608283.128267176, 17.457305111, 191, 329, 341, 0, 282, 251, 239, 252, 87, 150
92nic2, non-improving cycles, 168, 1633031.408147622, 11.210485223, 194, 367, 252, 0, 321, 305, 276, 185, 96, 291
93nic2, non-improving cycles, 172, 1581999.298336837, 9.895571524, 97, 327, 78, 124, 291, 250, 261, 253, 108, 0
94nic2, non-improving cycles, 176, 1662637.666224224, 14.062383774, 274, 296, 101, 0, 128, 254, 283, 166, 124, 262
95nic2, non-improving cycles, 180, 1542531.6525248876, 16.663921423, 166, 297, 66, 0, 303, 251, 281, 283, 128, 141
96nic2, non-improving cycles, 184, 1541332.2781190411, 17.214067079, 97, 355, 5, 0, 301, 308, 289, 287, 126, 182
97nic2, non-improving cycles, 188, 1584494.3032068263, 16.799701104, 200, 358, 0, 34, 315, 238, 268, 285, 76, 142
98nic2, non-improving cycles, 192, 1658373.6889207237, 16.000882853, 194, 363, 368, 0, 292, 331, 275, 291, 118, 118
99nic2, non-improving cycles, 196, 1597957.249999081, 26.363698884, 245, 337, 0, 172, 183, 177, 256, 263, 80, 50
100nic2, non-improving cycles, 200, 1623682.152881255, 17.728733007, 187, 324, 343, 0, 285, 275, 246, 261, 90, 98
1nic3, non-improving cycles, 1, 2229424.8316323413, 0.054323774, 425, 517, 534, 323, 306, 393, 359, 417, 157, 223
2nic3, non-improving cycles, 2, 2056977.4892666452, 0.113626801, 257, 286, 341, 188, 193, 149, 247, 92, 43, 0
3nic3, non-improving cycles, 3, 1997382.5675948854, 0.145395793, 279, 302, 263, 129, 167, 334, 281, 0, 83, 232
4nic3, non-improving cycles, 4, 1899036.3725659843, 0.262818372, 193, 308, 353, 92, 130, 247, 258, 220, 102, 0
5nic3, non-improving cycles, 5, 1851348.2377610453, 0.372263922, 162, 305, 326, 0, 271, 177, 219, 131, 12, 240
6nic3, non-improving cycles, 6, 1785653.9781604586, 0.556532446, 136, 371, 381, 0, 248, 288, 268, 245, 102, 112
7nic3, non-improving cycles, 7, 1699478.2534168886, 0.581387922, 158, 310, 347, 0, 293, 250, 252, 259, 65, 152
8nic3, non-improving cycles, 8, 1936716.1513808311, 0.40933258, 248, 288, 225, 112, 179, 148, 248, 205, 15, 0
9nic3, non-improving cycles, 9, 1790716.71105207, 0.849363669, 218, 311, 232, 109, 150, 101, 241, 202, 67, 0
10nic3, non-improving cycles, 10, 1862523.4292456508, 0.612254139, 333, 410, 401, 0, 222, 371, 288, 330, 106, 190
11nic3, non-improving cycles, 11, 1866247.27296227, 0.471954511, 0, 268, 319, 121, 264, 286, 218, 226, 46, 14
12nic3, non-improving cycles, 12, 1730933.896789818, 0.505265973, 332, 419, 0, 331, 261, 229, 345, 218, 173, 97
13nic3, non-improving cycles, 13, 1728351.1038639462, 1.264256685, 312, 310, 0, 270, 247, 254, 307, 179, 156, 41
14nic3, non-improving cycles, 14, 1739185.1415575398, 1.265098979, 151, 293, 345, 128, 283, 310, 249, 259, 86, 0
15nic3, non-improving cycles, 15, 1683685.9197858355, 1.369847836, 9, 285, 0, 13, 140, 148, 229, 120, 58, 227
16nic3, non-improving cycles, 16, 1627014.7561698584, 0.925520789, 182, 383, 0, 199, 290, 290, 318, 107, 160, 303
17nic3, non-improving cycles, 17, 1862447.7970137694, 0.699720733, 97, 309, 337, 205, 247, 188, 245, 112, 91, 0
18nic3, non-improving cycles, 18, 1847732.4968118481, 1.601761583, 141, 440, 49, 0, 399, 402, 386, 333, 235, 233
19nic3, non-improving cycles, 19, 1703905.302681861, 0.795601042, 184, 333, 234, 111, 285, 287, 261, 228, 67, 0
20nic3, non-improving cycles, 20, 1707530.6715125407, 0.866302172, 183, 405, 416, 0, 352, 332, 324, 316, 168, 171
21nic3, non-improving cycles, 21, 1716539.431756517, 1.146823803, 147, 265, 361, 0, 305, 331, 268, 276, 94, 115
22nic3, non-improving cycles, 22, 1664027.8718648283, 1.834871587, 274, 306, 0, 272, 201, 325, 271, 170, 81, 69
23nic3, non-improving cycles, 23, 1566760.0089920026, 2.659128168, 115, 274, 53, 128, 256, 186, 228, 223, 69, 0
24nic3, non-improving cycles, 24, 1565574.7599547482, 1.607677301, 160, 298, 58, 7, 274, 0, 260, 249, 100, 132
25nic3, non-improving cycles, 25, 1650940.4048359357, 1.743281713, 291, 360, 0, 294, 230, 213, 306, 184, 153, 65
26nic3, non-improving cycles, 26, 1754382.646484065, 2.001683528, 111, 287, 303, 93, 208, 249, 208, 220, 52, 0
27nic3, non-improving cycles, 27, 1692922.0552695785, 1.440887588, 167, 385, 399, 0, 331, 275, 308, 312, 149, 124
28nic3, non-improving cycles, 28, 1790725.7279187092, 1.773698594, 262, 420, 441, 0, 375, 348, 349, 331, 165, 214
29nic3, non-improving cycles, 29, 1716044.4107611112, 1.684617591, 0, 299, 61, 224, 254, 218, 222, 125, 69, 1
30nic3, non-improving cycles, 30, 1798179.150095852, 2.30564709, 302, 375, 350, 0, 220, 339, 253, 279, 90, 134
31nic3, non-improving cycles, 31, 1711433.3010571818, 1.846120609, 99, 286, 204, 118, 230, 229, 224, 222, 34, 0
32nic3, non-improving cycles, 32, 1582450.1454650497, 2.196620675, 171, 338, 41, 0, 285, 276, 285, 243, 109, 112
33nic3, non-improving cycles, 33, 1512982.0754199305, 2.906789752, 202, 383, 0, 70, 326, 320, 308, 286, 152, 171
34nic3, non-improving cycles, 34, 1668757.0067013581, 1.755555962, 37, 301, 0, 158, 308, 164, 283, 254, 123, 20
35nic3, non-improving cycles, 35, 1562456.1351699024, 1.516293838, 93, 312, 67, 127, 257, 221, 244, 238, 92, 0
36nic3, non-improving cycles, 36, 1710888.2340716957, 1.919294891, 140, 273, 77, 152, 301, 114, 279, 266, 103, 0
37nic3, non-improving cycles, 37, 1710228.3948094158, 2.360898242, 119, 335, 249, 106, 262, 231, 266, 247, 90, 0
38nic3, non-improving cycles, 38, 1647623.516496661, 3.0688912, 106, 278, 343, 0, 279, 316, 252, 250, 91, 136
39nic3, non-improving cycles, 39, 1637318.503107062, 2.654859091, 154, 361, 364, 0, 319, 293, 271, 277, 112, 182
40nic3, non-improving cycles, 40, 1577759.6891522456, 1.803532178, 115, 297, 65, 109, 239, 121, 229, 208, 73, 0
41nic3, non-improving cycles, 41, 1612679.3856110363, 4.288904394, 281, 357, 27, 0, 156, 308, 296, 271, 138, 173
42nic3, non-improving cycles, 42, 1772314.7443764396, 3.665180163, 340, 362, 425, 0, 267, 324, 333, 302, 174, 194
43nic3, non-improving cycles, 43, 1711550.7676420487, 3.401405589, 182, 322, 263, 107, 301, 283, 275, 274, 83, 0
44nic3, non-improving cycles, 44, 1551288.9228954748, 4.675810304, 279, 320, 0, 75, 217, 246, 288, 285, 102, 186
45nic3, non-improving cycles, 45, 1703106.9828039403, 6.210766545, 181, 351, 346, 0, 303, 263, 250, 227, 86, 130
46nic3, non-improving cycles, 46, 1609017.7530759294, 3.518547682, 270, 322, 0, 110, 206, 271, 257, 269, 103, 6
47nic3, non-improving cycles, 47, 1608833.9704044247, 3.263924136, 194, 349, 364, 0, 298, 290, 265, 269, 112, 145
48nic3, non-improving cycles, 48, 1765150.8210407821, 2.030346903, 214, 291, 226, 0, 124, 256, 258, 241, 72, 114
49nic3, non-improving cycles, 49, 1772503.2626100043, 3.132554737, 166, 309, 350, 167, 282, 219, 254, 267, 84, 0
50nic3, non-improving cycles, 50, 1595609.963041361, 3.220990805, 197, 391, 7, 0, 344, 326, 321, 305, 158, 197
51nic3, non-improving cycles, 52, 1654686.5400364783, 5.85537929, 251, 314, 334, 0, 188, 266, 243, 243, 83, 134
52nic3, non-improving cycles, 54, 1668084.1891545278, 4.917708835, 257, 301, 0, 93, 193, 258, 246, 251, 78, 0
53nic3, non-improving cycles, 56, 1633745.678920459, 7.582871467, 103, 330, 344, 0, 215, 287, 253, 247, 102, 130
54nic3, non-improving cycles, 58, 1655604.1296747762, 5.293773646, 104, 315, 340, 0, 278, 257, 247, 251, 82, 134
55nic3, non-improving cycles, 60, 1696837.1128931441, 4.349330583, 191, 357, 78, 0, 315, 243, 305, 170, 89, 277
56nic3, non-improving cycles, 62, 1591706.13761706, 4.780899137, 181, 319, 71, 115, 283, 158, 248, 246, 82, 0
57nic3, non-improving cycles, 64, 1584990.8815866625, 8.617327663, 204, 374, 0, 190, 328, 333, 300, 284, 96, 73
58nic3, non-improving cycles, 66, 1676765.5154420831, 2.926140587, 187, 391, 85, 0, 342, 357, 321, 226, 134, 129
59nic3, non-improving cycles, 68, 1689995.5077266786, 5.327616375, 304, 378, 37, 0, 242, 308, 264, 278, 106, 99
60nic3, non-improving cycles, 70, 1600774.9558071955, 7.05101501, 8, 355, 0, 64, 296, 316, 292, 266, 128, 157
61nic3, non-improving cycles, 72, 1676168.0393820629, 3.804943965, 173, 376, 383, 0, 300, 335, 291, 246, 134, 142
62nic3, non-improving cycles, 74, 1664640.7607902477, 5.015972838, 146, 348, 15, 102, 284, 312, 291, 286, 130, 0
63nic3, non-improving cycles, 76, 1697554.6412076089, 8.916583631, 92, 321, 23, 0, 260, 288, 227, 101, 32, 236
64nic3, non-improving cycles, 78, 1667884.6808387982, 4.24784044, 192, 383, 394, 0, 323, 328, 296, 279, 145, 151
65nic3, non-improving cycles, 80, 1675442.001629063, 5.88395928, 254, 375, 0, 289, 350, 337, 320, 192, 153, 40
66nic3, non-improving cycles, 82, 1670319.1636369424, 5.839920468, 233, 279, 0, 25, 172, 211, 209, 134, 21, 228
67nic3, non-improving cycles, 84, 1571897.7245297523, 5.185303065, 153, 276, 56, 0, 271, 304, 240, 209, 62, 102
68nic3, non-improving cycles, 86, 1642690.8982392037, 14.409272355, 217, 396, 0, 300, 351, 352, 328, 205, 167, 84
69nic3, non-improving cycles, 88, 1737235.191725236, 6.005562313, 67, 291, 357, 0, 258, 244, 264, 277, 98, 176
70nic3, non-improving cycles, 90, 1679256.478623977, 12.18677324, 76, 340, 367, 0, 277, 278, 275, 268, 113, 161
71nic3, non-improving cycles, 92, 1642090.1339495345, 5.572734233, 188, 353, 88, 103, 306, 293, 288, 270, 120, 0
72nic3, non-improving cycles, 94, 1718649.5278479303, 5.321638906, 303, 385, 0, 135, 195, 329, 311, 308, 105, 40
73nic3, non-improving cycles, 96, 1600354.2790756875, 6.10863446, 99, 247, 45, 94, 236, 129, 208, 212, 57, 0
74nic3, non-improving cycles, 98, 1686555.1080826956, 6.270428794, 183, 281, 336, 119, 281, 310, 245, 251, 92, 0
75nic3, non-improving cycles, 100, 1652165.5338768112, 6.998129763, 163, 326, 0, 213, 284, 230, 263, 113, 93, 19
76nic3, non-improving cycles, 104, 1666749.80543323, 12.092824872, 88, 335, 0, 227, 299, 287, 270, 119, 113, 11
77nic3, non-improving cycles, 108, 1618886.4320899379, 8.665133791, 201, 328, 276, 0, 318, 348, 291, 244, 114, 147
78nic3, non-improving cycles, 112, 1690154.8665471647, 11.810028919, 189, 277, 0, 12, 280, 179, 215, 140, 28, 245
79nic3, non-improving cycles, 116, 1664700.3239021632, 9.283758179, 43, 336, 0, 260, 297, 298, 269, 133, 107, 31
80nic3, non-improving cycles, 120, 1680389.2357876655, 5.737608623, 159, 334, 55, 105, 316, 292, 292, 231, 130, 0
81nic3, non-improving cycles, 124, 1584253.31808902, 8.532639942, 309, 379, 0, 28, 219, 344, 309, 301, 127, 170
82nic3, non-improving cycles, 128, 1641604.7485163254, 7.953141863, 159, 378, 43, 0, 339, 341, 322, 258, 160, 160
83nic3, non-improving cycles, 132, 1544006.8159305174, 5.80010226, 19, 354, 0, 22, 305, 309, 278, 272, 113, 165
84nic3, non-improving cycles, 136, 1501846.3060259763, 5.743801448, 20, 329, 0, 55, 275, 290, 259, 259, 102, 147
85nic3, non-improving cycles, 140, 1559679.5084596914, 7.934286775, 209, 337, 260, 0, 309, 286, 266, 278, 109, 141
86nic3, non-improving cycles, 144, 1686386.0416334947, 12.795834711, 112, 370, 379, 0, 285, 334, 279, 286, 110, 185
87nic3, non-improving cycles, 148, 1536439.0977115026, 8.864436507, 132, 343, 5, 0, 266, 260, 274, 258, 108, 124
88nic3, non-improving cycles, 152, 1614141.314287588, 12.066571946, 85, 338, 0, 254, 259, 268, 263, 150, 100, 42
89nic3, non-improving cycles, 156, 1599617.7742813306, 8.873965764, 80, 223, 0, 38, 269, 240, 251, 249, 75, 133
90nic3, non-improving cycles, 160, 1643655.371089334, 6.915962049, 105, 289, 310, 0, 243, 149, 219, 219, 65, 114
91nic3, non-improving cycles, 164, 1474202.9522117537, 13.930977012, 176, 328, 0, 177, 289, 284, 276, 272, 117, 86
92nic3, non-improving cycles, 168, 1499150.6406411845, 9.048704123, 107, 352, 0, 14, 307, 281, 278, 280, 108, 170
93nic3, non-improving cycles, 172, 1611584.7543149942, 12.510094932, 177, 320, 0, 254, 281, 139, 249, 137, 94, 16
94nic3, non-improving cycles, 176, 1624107.802819066, 17.829921857, 235, 323, 41, 112, 171, 223, 252, 222, 95, 0
95nic3, non-improving cycles, 180, 1666617.424620301, 9.024171946, 59, 367, 0, 305, 316, 289, 307, 210, 138, 78
96nic3, non-improving cycles, 184, 1525355.8113703877, 19.350757916, 145, 347, 0, 15, 297, 258, 291, 293, 124, 190
97nic3, non-improving cycles, 188, 1534943.2088875202, 7.879895252, 257, 280, 0, 4, 194, 303, 268, 258, 117, 150
98nic3, non-improving cycles, 192, 1566099.6756981784, 13.820803393, 195, 307, 0, 4, 299, 234, 267, 267, 89, 106
99nic3, non-improving cycles, 196, 1606027.0513971439, 17.598383817, 276, 334, 0, 288, 210, 287, 293, 196, 141, 79
100nic3, non-improving cycles, 200, 1543237.1309153116, 20.896654934, 170, 339, 36, 0, 273, 277, 267, 101, 107, 266
1nic4, non-improving cycles, 1, 1965919.8354061537, 0.036894209, 106, 323, 266, 0, 331, 379, 325, 278, 66, 93
2nic4, non-improving cycles, 2, 1951311.0618022978, 0.07890644, 149, 330, 414, 152, 328, 201, 319, 297, 122, 0
3nic4, non-improving cycles, 3, 1989088.2998408885, 0.20637873, 207, 377, 187, 294, 326, 302, 303, 195, 22, 0
4nic4, non-improving cycles, 4, 1790733.7516406577, 0.201709599, 189, 326, 344, 213, 284, 270, 251, 112, 100, 0
5nic4, non-improving cycles, 5, 1866364.015675914, 0.37727543, 164, 337, 355, 256, 296, 227, 256, 139, 78, 0
6nic4, non-improving cycles, 6, 1566506.0315529115, 0.323237228, 279, 366, 55, 0, 201, 282, 294, 268, 137, 162
7nic4, non-improving cycles, 7, 1678069.9526060934, 0.37474986, 94, 351, 364, 0, 270, 304, 271, 232, 111, 129
8nic4, non-improving cycles, 8, 1674625.9072133324, 0.483586233, 45, 302, 0, 265, 290, 239, 267, 163, 78, 71
9nic4, non-improving cycles, 9, 1860249.5229062184, 0.848540999, 147, 322, 344, 127, 276, 230, 245, 234, 38, 0
10nic4, non-improving cycles, 10, 1586565.9045180157, 0.427435807, 212, 336, 118, 0, 333, 256, 309, 270, 158, 155
11nic4, non-improving cycles, 11, 1730777.1587024645, 0.806382733, 26, 352, 364, 0, 291, 288, 273, 260, 96, 139
12nic4, non-improving cycles, 12, 1704036.471140814, 1.252964209, 300, 385, 48, 0, 187, 350, 313, 314, 91, 202
13nic4, non-improving cycles, 13, 1856650.2098625184, 0.626477137, 227, 341, 0, 221, 101, 240, 270, 98, 112, 4
14nic4, non-improving cycles, 14, 1632909.149333766, 1.93731731, 188, 369, 56, 0, 341, 282, 324, 309, 156, 176
15nic4, non-improving cycles, 15, 1682550.5536915842, 0.888734265, 159, 377, 0, 310, 316, 314, 289, 215, 107, 88
16nic4, non-improving cycles, 16, 1740198.577550562, 1.467367583, 259, 336, 70, 206, 178, 301, 268, 105, 112, 0
17nic4, non-improving cycles, 17, 1713950.0775342025, 1.578714402, 277, 326, 16, 111, 192, 208, 274, 277, 90, 0
18nic4, non-improving cycles, 18, 1878831.0014643418, 0.845069263, 322, 359, 417, 0, 259, 325, 303, 335, 92, 210
19nic4, non-improving cycles, 19, 1759203.8377761934, 1.709766937, 264, 377, 236, 0, 192, 336, 304, 299, 83, 203
20nic4, non-improving cycles, 20, 1783054.1340008534, 1.113328405, 164, 255, 360, 0, 279, 180, 255, 219, 96, 114
21nic4, non-improving cycles, 21, 1703968.7456895201, 1.398410406, 129, 279, 40, 0, 303, 331, 266, 125, 65, 244
22nic4, non-improving cycles, 22, 1678534.832105846, 2.53208349, 116, 362, 244, 0, 316, 311, 287, 280, 83, 138
23nic4, non-improving cycles, 23, 1740905.196161199, 2.191948835, 270, 298, 266, 0, 193, 257, 282, 209, 94, 117
24nic4, non-improving cycles, 24, 1893189.6505434732, 1.419909801, 240, 295, 325, 217, 172, 168, 234, 109, 73, 0
25nic4, non-improving cycles, 25, 1632662.3582864199, 2.14883126, 181, 389, 0, 223, 362, 239, 332, 330, 139, 122
26nic4, non-improving cycles, 26, 1656124.8461580789, 3.827980659, 107, 335, 105, 176, 308, 218, 286, 286, 123, 0
27nic4, non-improving cycles, 27, 1771441.963623308, 1.68708967, 109, 329, 379, 153, 312, 351, 285, 281, 132, 0
28nic4, non-improving cycles, 28, 1784408.6988244243, 2.258219066, 288, 360, 238, 0, 223, 129, 247, 241, 83, 138
29nic4, non-improving cycles, 29, 1618222.2120159422, 1.355935159, 283, 314, 0, 267, 219, 332, 281, 175, 118, 70
30nic4, non-improving cycles, 30, 1659218.2748842859, 1.98199598, 154, 342, 384, 0, 323, 205, 291, 299, 130, 184
31nic4, non-improving cycles, 31, 1687727.4062061654, 4.165505436, 163, 345, 51, 98, 257, 306, 256, 229, 79, 0
32nic4, non-improving cycles, 32, 1745733.5223538333, 1.660660612, 85, 309, 339, 0, 243, 53, 241, 250, 78, 158
33nic4, non-improving cycles, 33, 1618870.1143939067, 3.021246116, 134, 414, 0, 114, 344, 367, 343, 328, 192, 207
34nic4, non-improving cycles, 34, 1709774.931298345, 2.035362194, 278, 406, 424, 0, 369, 370, 323, 333, 162, 230
35nic4, non-improving cycles, 35, 1751040.9538824884, 2.155488967, 171, 405, 422, 0, 350, 316, 330, 337, 167, 147
36nic4, non-improving cycles, 36, 1592645.0305516869, 2.963547512, 216, 349, 370, 0, 312, 314, 275, 275, 118, 178
37nic4, non-improving cycles, 37, 1724950.766305905, 1.79837444, 255, 374, 419, 0, 350, 277, 322, 313, 160, 212
38nic4, non-improving cycles, 38, 1561741.873482943, 3.982646124, 216, 332, 255, 0, 311, 265, 282, 274, 101, 178
39nic4, non-improving cycles, 39, 1557558.6863327874, 2.084632914, 195, 323, 0, 230, 287, 260, 259, 132, 106, 36
40nic4, non-improving cycles, 40, 1681759.3294207137, 2.202246699, 99, 317, 327, 0, 250, 246, 235, 215, 68, 104
41nic4, non-improving cycles, 41, 1765730.8006704187, 2.05653783, 161, 308, 307, 0, 265, 226, 194, 225, 33, 119
42nic4, non-improving cycles, 42, 1643212.0702942468, 2.044798913, 338, 352, 0, 234, 251, 292, 338, 329, 175, 143
43nic4, non-improving cycles, 43, 1570323.0072400658, 6.005186174, 115, 329, 0, 256, 273, 279, 258, 158, 101, 37
44nic4, non-improving cycles, 44, 1714292.7444554148, 7.261924543, 240, 395, 302, 0, 356, 297, 334, 297, 136, 205
45nic4, non-improving cycles, 45, 1726759.5057340595, 2.202460283, 283, 305, 0, 124, 222, 323, 283, 30, 107, 223
46nic4, non-improving cycles, 46, 1687826.5999168912, 4.974695757, 239, 349, 49, 0, 106, 316, 284, 224, 121, 113
47nic4, non-improving cycles, 47, 1616620.3291962808, 3.57258414, 201, 349, 374, 0, 299, 276, 282, 284, 118, 180
48nic4, non-improving cycles, 48, 1564706.6372849345, 5.510736177, 153, 351, 98, 0, 302, 298, 285, 255, 126, 96
49nic4, non-improving cycles, 49, 1667299.880949189, 3.498442758, 266, 361, 375, 0, 189, 326, 284, 274, 125, 162
50nic4, non-improving cycles, 50, 1634224.2302747595, 5.364795923, 215, 357, 388, 0, 332, 278, 288, 303, 136, 194
51nic4, non-improving cycles, 52, 1729208.6838733961, 3.734489952, 245, 296, 330, 0, 165, 240, 236, 205, 73, 110
52nic4, non-improving cycles, 54, 1553467.4047432523, 5.242455154, 178, 378, 0, 196, 333, 298, 313, 300, 161, 81
53nic4, non-improving cycles, 56, 1664034.415545451, 3.716509732, 279, 299, 0, 273, 218, 317, 277, 162, 103, 50
54nic4, non-improving cycles, 58, 1604406.770000288, 3.035975887, 207, 279, 0, 5, 136, 238, 206, 202, 16, 105
55nic4, non-improving cycles, 60, 1582467.858618686, 7.173328362, 112, 324, 0, 28, 289, 354, 301, 281, 136, 167
56nic4, non-improving cycles, 62, 1636642.4846749778, 4.379239724, 243, 262, 29, 123, 181, 208, 240, 232, 86, 0
57nic4, non-improving cycles, 64, 1655343.9533340053, 5.486055118, 33, 335, 0, 262, 240, 301, 255, 166, 83, 66
58nic4, non-improving cycles, 66, 1605945.3209146569, 7.641749991, 145, 349, 359, 0, 301, 218, 267, 272, 114, 123
59nic4, non-improving cycles, 68, 1659757.2109176398, 3.48734712, 87, 319, 0, 117, 269, 272, 241, 18, 71, 212
60nic4, non-improving cycles, 70, 1568645.322878311, 9.073491343, 85, 359, 0, 10, 297, 285, 285, 265, 116, 103
61nic4, non-improving cycles, 72, 1753511.703413553, 5.108875675, 194, 343, 389, 0, 332, 254, 274, 253, 119, 118
62nic4, non-improving cycles, 74, 1653610.5216504778, 3.446048266, 172, 326, 252, 0, 308, 279, 278, 271, 72, 162
63nic4, non-improving cycles, 76, 1617568.286118423, 4.4100023, 184, 357, 362, 0, 309, 302, 262, 284, 107, 188
64nic4, non-improving cycles, 78, 1641919.8999247295, 4.394891595, 159, 332, 344, 0, 260, 265, 251, 238, 85, 143
65nic4, non-improving cycles, 80, 1574430.863737694, 4.273053379, 178, 370, 0, 49, 329, 336, 321, 321, 142, 211
66nic4, non-improving cycles, 82, 1666318.236223498, 6.19046922, 139, 250, 0, 241, 268, 167, 243, 134, 79, 17
67nic4, non-improving cycles, 84, 1699790.6830857205, 6.048040988, 282, 355, 0, 266, 218, 214, 269, 146, 102, 26
68nic4, non-improving cycles, 86, 1646166.6012020414, 7.356922619, 231, 359, 254, 0, 326, 309, 296, 282, 93, 124
69nic4, non-improving cycles, 88, 1679325.5595412455, 6.884236226, 105, 350, 381, 0, 322, 317, 285, 268, 132, 143
70nic4, non-improving cycles, 90, 1654684.437616541, 3.867532864, 317, 388, 0, 310, 251, 320, 295, 214, 144, 94
71nic4, non-improving cycles, 92, 1703332.7245262105, 11.363876216, 202, 385, 0, 328, 371, 307, 343, 196, 185, 105
72nic4, non-improving cycles, 94, 1623316.3211743431, 4.183196538, 319, 386, 0, 201, 255, 285, 319, 293, 152, 60
73nic4, non-improving cycles, 96, 1673872.9398526815, 7.293641023, 204, 273, 276, 0, 306, 311, 299, 283, 122, 192
74nic4, non-improving cycles, 98, 1637432.1767792448, 8.777936133, 102, 339, 0, 246, 292, 280, 267, 134, 94, 30
75nic4, non-improving cycles, 100, 1510917.9248967892, 4.359499611, 154, 321, 0, 165, 300, 271, 273, 270, 113, 47
76nic4, non-improving cycles, 104, 1539841.5835486376, 8.327189971, 250, 331, 0, 138, 153, 270, 256, 255, 100, 44
77nic4, non-improving cycles, 108, 1465163.0352636082, 13.091180388, 144, 336, 0, 171, 296, 294, 272, 264, 121, 72
78nic4, non-improving cycles, 112, 1733637.6646484875, 6.088888613, 151, 327, 339, 144, 260, 257, 234, 242, 77, 0
79nic4, non-improving cycles, 116, 1586727.373530523, 11.44078503, 144, 305, 0, 243, 246, 238, 237, 150, 70, 50
80nic4, non-improving cycles, 120, 1570711.4721767306, 6.833638307, 259, 343, 80, 0, 175, 212, 268, 120, 110, 263
81nic4, non-improving cycles, 124, 1516961.2025525812, 7.101225283, 77, 319, 82, 0, 268, 263, 247, 222, 91, 93
82nic4, non-improving cycles, 128, 1595178.2973705095, 9.398298848, 151, 356, 38, 182, 314, 227, 285, 283, 134, 0
83nic4, non-improving cycles, 132, 1706295.868261226, 5.630913705, 89, 352, 373, 0, 324, 284, 269, 294, 118, 156
84nic4, non-improving cycles, 136, 1686531.4027613234, 10.302687088, 275, 410, 8, 0, 367, 369, 308, 218, 150, 315
85nic4, non-improving cycles, 140, 1556771.7458773693, 8.25415025, 177, 355, 0, 26, 326, 309, 297, 268, 115, 172
86nic4, non-improving cycles, 144, 1598642.689081348, 7.440755778, 192, 295, 226, 0, 287, 251, 257, 256, 70, 139
87nic4, non-improving cycles, 148, 1453503.6425812505, 13.011262147, 125, 331, 0, 22, 259, 300, 257, 248, 106, 134
88nic4, non-improving cycles, 152, 1544302.8920000042, 9.570792129, 169, 326, 85, 0, 294, 277, 277, 269, 95, 134
89nic4, non-improving cycles, 156, 1772236.2273077301, 7.263232734, 225, 359, 384, 102, 326, 222, 288, 296, 120, 0
90nic4, non-improving cycles, 160, 1600635.7588647408, 15.12937558, 155, 370, 0, 296, 296, 296, 292, 197, 118, 93
91nic4, non-improving cycles, 164, 1619090.3077885634, 10.083876539, 177, 280, 97, 0, 327, 220, 299, 187, 133, 292
92nic4, non-improving cycles, 168, 1652383.1250260517, 14.870542027, 89, 354, 0, 280, 300, 282, 280, 158, 98, 48
93nic4, non-improving cycles, 172, 1531480.0229919502, 11.641999122, 160, 345, 20, 0, 262, 263, 270, 157, 97, 256
94nic4, non-improving cycles, 176, 1649542.012252226, 10.241625723, 241, 332, 345, 0, 146, 289, 253, 256, 97, 161
95nic4, non-improving cycles, 180, 1597082.3320191219, 25.091445148, 35, 341, 0, 267, 300, 211, 273, 176, 114, 84
96nic4, non-improving cycles, 184, 1609734.1494375174, 9.783215111, 226, 319, 58, 0, 160, 79, 246, 227, 71, 99
97nic4, non-improving cycles, 188, 1487789.7124451774, 25.275133556, 91, 330, 82, 0, 280, 241, 256, 237, 91, 145
98nic4, non-improving cycles, 192, 1602540.2540755617, 13.263249231, 263, 301, 0, 141, 190, 244, 257, 241, 91, 29
99nic4, non-improving cycles, 196, 1610179.4474598658, 13.496425361, 198, 362, 86, 0, 321, 232, 295, 105, 128, 294
100nic4, non-improving cycles, 200, 1624669.8795853904, 15.305300371, 276, 281, 19, 0, 195, 318, 281, 173, 102, 274
1nic5, non-improving cycles, 1, 2174138.52633946, 0.043613098, 369, 440, 460, 0, 79, 237, 369, 185, 187, 292
2nic5, non-improving cycles, 2, 2050029.4520423051, 0.078297465, 131, 330, 335, 223, 287, 153, 198, 100, 45, 0
3nic5, non-improving cycles, 3, 1920669.526336193, 0.19684236, 111, 406, 428, 150, 326, 233, 336, 320, 166, 0
4nic5, non-improving cycles, 4, 2050242.5851838198, 0.205579247, 293, 367, 337, 0, 182, 236, 207, 130, 46, 231
5nic5, non-improving cycles, 5, 1697118.199361861, 0.415654858, 170, 329, 364, 36, 293, 0, 273, 274, 112, 141
6nic5, non-improving cycles, 6, 1693815.0403299923, 0.572313741, 88, 278, 324, 0, 258, 234, 233, 241, 77, 99
7nic5, non-improving cycles, 7, 1691944.6905056913, 0.74162886, 186, 318, 8, 255, 290, 205, 276, 145, 123, 0
8nic5, non-improving cycles, 8, 1775637.8365867822, 0.393952319, 239, 307, 336, 0, 134, 108, 244, 142, 81, 245
9nic5, non-improving cycles, 9, 1626579.8320452713, 0.726546581, 136, 260, 50, 0, 287, 131, 256, 91, 97, 192
10nic5, non-improving cycles, 10, 1584143.3398148408, 0.959632176, 300, 368, 0, 293, 233, 282, 294, 201, 142, 104
11nic5, non-improving cycles, 11, 1879117.218210038, 1.084346998, 331, 399, 414, 0, 184, 255, 312, 258, 153, 91
12nic5, non-improving cycles, 12, 1824356.119156581, 0.563624115, 321, 404, 416, 0, 185, 256, 320, 160, 168, 312
13nic5, non-improving cycles, 13, 1672529.568748823, 0.556600041, 85, 303, 313, 0, 224, 235, 222, 226, 59, 115
14nic5, non-improving cycles, 14, 1807145.4418547377, 0.796598064, 160, 285, 0, 217, 77, 225, 207, 110, 54, 5
15nic5, non-improving cycles, 15, 1868009.7631687473, 0.901460033, 71, 354, 370, 112, 294, 188, 266, 231, 97, 0
16nic5, non-improving cycles, 16, 1641928.7591090717, 0.63282684, 196, 357, 369, 0, 307, 299, 278, 267, 100, 133
17nic5, non-improving cycles, 17, 1787231.2907863883, 0.97075989, 345, 441, 129, 0, 235, 396, 369, 364, 199, 245
18nic5, non-improving cycles, 18, 1730017.4633687031, 2.066078437, 293, 361, 386, 58, 232, 0, 294, 293, 128, 171
19nic5, non-improving cycles, 19, 1711670.4651637063, 0.846850608, 0, 349, 261, 61, 297, 307, 283, 260, 90, 157
20nic5, non-improving cycles, 20, 1696502.2337863522, 1.378009248, 202, 334, 349, 0, 298, 251, 229, 265, 75, 162
21nic5, non-improving cycles, 21, 1731340.0324881251, 2.118752139, 164, 366, 390, 0, 327, 325, 296, 285, 91, 178
22nic5, non-improving cycles, 22, 1655375.3340833941, 3.46463426, 162, 292, 32, 228, 259, 215, 223, 124, 61, 0
23nic5, non-improving cycles, 23, 1698454.751887716, 1.454192919, 38, 291, 0, 223, 262, 244, 241, 110, 81, 5
24nic5, non-improving cycles, 24, 1715913.0298952993, 1.616529637, 249, 320, 339, 0, 173, 267, 239, 251, 80, 96
25nic5, non-improving cycles, 25, 1650171.415758314, 2.783296304, 269, 325, 355, 0, 197, 256, 259, 269, 99, 148
26nic5, non-improving cycles, 26, 1793890.163887706, 1.154550454, 266, 332, 359, 0, 203, 270, 268, 253, 59, 117
27nic5, non-improving cycles, 27, 1764434.5241302154, 1.434720605, 286, 335, 374, 0, 142, 289, 282, 156, 123, 280
28nic5, non-improving cycles, 28, 1577713.8802770246, 1.925050392, 151, 346, 72, 171, 298, 284, 273, 272, 111, 0
29nic5, non-improving cycles, 29, 1713702.7463263115, 1.772228546, 209, 365, 0, 241, 311, 290, 295, 119, 107, 28
30nic5, non-improving cycles, 30, 1601923.5682447685, 1.397701596, 254, 318, 0, 254, 167, 281, 259, 163, 98, 57
31nic5, non-improving cycles, 31, 1728758.8541040025, 3.160556882, 200, 268, 373, 0, 304, 110, 278, 192, 115, 286
32nic5, non-improving cycles, 32, 1819060.400592751, 1.53365365, 214, 320, 331, 118, 131, 217, 240, 234, 74, 0
33nic5, non-improving cycles, 33, 1807469.531203754, 3.952194686, 225, 273, 233, 0, 162, 146, 243, 103, 48, 222
34nic5, non-improving cycles, 34, 1596643.1186694198, 5.225493838, 231, 397, 0, 58, 369, 352, 339, 335, 182, 180
35nic5, non-improving cycles, 35, 1624321.9889972922, 2.579079395, 228, 408, 0, 235, 367, 342, 341, 142, 190, 335
36nic5, non-improving cycles, 36, 1666330.985089013, 2.492399511, 205, 356, 147, 0, 310, 310, 333, 288, 178, 193
37nic5, non-improving cycles, 37, 1829557.9852398876, 1.909841604, 150, 336, 264, 230, 285, 272, 284, 113, 112, 0
38nic5, non-improving cycles, 38, 1666897.61584341, 2.796087108, 276, 284, 246, 0, 203, 319, 263, 256, 94, 148
39nic5, non-improving cycles, 39, 1661754.8451989368, 4.772934626, 310, 363, 0, 31, 247, 326, 306, 124, 127, 220
40nic5, non-improving cycles, 40, 1658050.0615808018, 1.978068298, 173, 346, 362, 0, 284, 247, 271, 229, 111, 97
41nic5, non-improving cycles, 41, 1660781.0619378202, 2.90048797, 307, 358, 299, 0, 224, 327, 305, 281, 131, 190
42nic5, non-improving cycles, 42, 1649581.3108656062, 4.139634681, 286, 360, 361, 0, 221, 322, 269, 263, 116, 163
43nic5, non-improving cycles, 43, 1731233.61240099, 4.869843951, 210, 328, 351, 0, 123, 250, 260, 252, 98, 139
44nic5, non-improving cycles, 44, 1631097.6654217425, 2.789469822, 224, 320, 0, 250, 163, 268, 250, 153, 85, 27
45nic5, non-improving cycles, 45, 1565968.1882475698, 4.557888985, 242, 288, 0, 127, 166, 176, 245, 226, 94, 24
46nic5, non-improving cycles, 46, 1583832.9373524757, 4.031178541, 12, 304, 0, 22, 236, 257, 238, 224, 58, 115
47nic5, non-improving cycles, 47, 1636596.9908396741, 2.825431341, 274, 334, 0, 258, 199, 288, 277, 152, 119, 40
48nic5, non-improving cycles, 48, 1703664.9211924498, 4.293888853, 291, 366, 358, 0, 214, 294, 259, 269, 105, 154
49nic5, non-improving cycles, 49, 1630611.4479047093, 5.496567855, 139, 342, 4, 158, 302, 297, 280, 267, 108, 0
50nic5, non-improving cycles, 50, 1687299.4048572276, 2.275077631, 186, 358, 385, 0, 305, 313, 284, 300, 130, 110
51nic5, non-improving cycles, 52, 1678481.0118797324, 2.813499217, 131, 412, 135, 0, 366, 344, 329, 317, 172, 186
52nic5, non-improving cycles, 54, 1662759.6758908022, 3.955043736, 256, 362, 377, 0, 195, 320, 285, 292, 122, 184
53nic5, non-improving cycles, 56, 1721272.3642213591, 5.296812012, 142, 385, 258, 0, 340, 328, 293, 285, 95, 149
54nic5, non-improving cycles, 58, 1642081.5843854048, 5.482367361, 276, 341, 361, 0, 209, 309, 269, 234, 115, 136
55nic5, non-improving cycles, 60, 1715989.3574135487, 3.702853335, 79, 314, 235, 0, 287, 253, 262, 235, 68, 92
56nic5, non-improving cycles, 62, 1707644.4703563135, 4.068002975, 305, 373, 389, 0, 208, 173, 285, 302, 130, 209
57nic5, non-improving cycles, 64, 1637523.4805886664, 2.704365224, 179, 362, 274, 0, 317, 276, 295, 200, 111, 300
58nic5, non-improving cycles, 66, 1540738.039290943, 3.020198008, 270, 345, 58, 0, 175, 281, 270, 265, 106, 120
59nic5, non-improving cycles, 68, 1717697.2045433335, 5.268014142, 160, 390, 405, 0, 345, 348, 312, 312, 132, 163
60nic5, non-improving cycles, 70, 1625271.4642765638, 6.431914518, 118, 349, 361, 0, 283, 307, 270, 249, 109, 155
61nic5, non-improving cycles, 72, 1667100.891183366, 5.976876554, 214, 375, 0, 290, 338, 325, 308, 188, 95, 92
62nic5, non-improving cycles, 74, 1670883.6252647878, 4.288119837, 75, 305, 269, 0, 297, 89, 277, 258, 112, 145
63nic5, non-improving cycles, 76, 1565559.4556992971, 6.778218254, 186, 327, 92, 155, 286, 218, 260, 263, 102, 0
64nic5, non-improving cycles, 78, 1574195.7412386579, 6.63285064, 189, 336, 31, 126, 295, 221, 267, 240, 112, 0
65nic5, non-improving cycles, 80, 1549865.538448521, 8.694987683, 197, 322, 0, 125, 290, 137, 258, 221, 105, 6
66nic5, non-improving cycles, 82, 1677790.6216051574, 5.467161468, 215, 372, 86, 0, 340, 318, 315, 242, 110, 124
67nic5, non-improving cycles, 84, 1492215.2027719363, 6.290343459, 145, 285, 16, 0, 245, 251, 219, 213, 47, 108
68nic5, non-improving cycles, 86, 1658267.2261076951, 9.94220461, 307, 326, 0, 198, 242, 358, 309, 101, 130, 303
69nic5, non-improving cycles, 88, 1673904.0685588943, 3.774061845, 0, 325, 230, 145, 278, 253, 251, 248, 73, 45
70nic5, non-improving cycles, 90, 1564287.0670680539, 7.299478695, 172, 354, 50, 0, 309, 320, 279, 106, 120, 218
71nic5, non-improving cycles, 92, 1692287.1931710213, 4.632276711, 117, 311, 193, 0, 282, 256, 252, 231, 38, 129
72nic5, non-improving cycles, 94, 1540863.8179164734, 3.903810582, 282, 339, 65, 0, 216, 306, 280, 285, 116, 183
73nic5, non-improving cycles, 96, 1626904.9204008821, 3.866811423, 296, 331, 0, 139, 229, 349, 289, 248, 135, 29
74nic5, non-improving cycles, 98, 1636016.5139122286, 9.08116513, 274, 348, 364, 0, 193, 314, 269, 279, 108, 188
75nic5, non-improving cycles, 100, 1494911.8156406651, 5.354720091, 140, 331, 77, 0, 257, 257, 263, 238, 104, 136
76nic5, non-improving cycles, 104, 1641697.8420041124, 10.708253059, 239, 363, 391, 0, 330, 305, 292, 211, 141, 306
77nic5, non-improving cycles, 108, 1615912.6358988103, 11.077524422, 164, 365, 373, 0, 288, 259, 279, 288, 128, 181
78nic5, non-improving cycles, 112, 1513746.997914947, 5.302307807, 174, 356, 0, 170, 272, 249, 279, 274, 117, 66
79nic5, non-improving cycles, 116, 1618917.7188984086, 6.974869993, 318, 389, 45, 0, 245, 344, 319, 307, 147, 184
80nic5, non-improving cycles, 120, 1582353.4714735164, 6.575547182, 218, 298, 23, 113, 148, 234, 222, 216, 71, 0
81nic5, non-improving cycles, 124, 1653536.8634770892, 11.659569787, 187, 391, 0, 264, 334, 317, 320, 170, 166, 74
82nic5, non-improving cycles, 128, 1568645.2877025164, 8.073054603, 128, 364, 43, 0, 314, 295, 290, 154, 122, 282
83nic5, non-improving cycles, 132, 1604754.2925873674, 10.166932177, 169, 358, 364, 0, 307, 262, 271, 281, 117, 162
84nic5, non-improving cycles, 136, 1629481.2816721494, 9.4568549, 40, 328, 0, 75, 338, 281, 312, 283, 158, 168
85nic5, non-improving cycles, 140, 1628589.6545278986, 7.62543309, 323, 383, 61, 0, 254, 305, 326, 298, 167, 207
86nic5, non-improving cycles, 144, 1584663.3903860948, 9.745745381, 69, 344, 0, 42, 327, 285, 304, 275, 150, 145
87nic5, non-improving cycles, 148, 1598088.6824508307, 8.64739151, 159, 319, 0, 134, 281, 227, 216, 247, 64, 37
88nic5, non-improving cycles, 152, 1526941.99995723, 8.336181453, 243, 339, 0, 50, 340, 355, 304, 310, 146, 184
89nic5, non-improving cycles, 156, 1584768.020486763, 12.482802105, 103, 306, 0, 113, 274, 100, 252, 234, 95, 5
90nic5, non-improving cycles, 160, 1692979.1096168535, 8.119889213, 112, 403, 313, 0, 354, 297, 331, 320, 161, 198
91nic5, non-improving cycles, 164, 1657732.4038673444, 9.009384577, 305, 378, 0, 301, 231, 222, 314, 199, 146, 89
92nic5, non-improving cycles, 168, 1634203.8072992482, 14.045578577, 153, 322, 26, 227, 272, 269, 247, 121, 88, 0
93nic5, non-improving cycles, 172, 1592237.8322615144, 7.19783535, 161, 311, 243, 0, 267, 279, 257, 260, 83, 132
94nic5, non-improving cycles, 176, 1573818.5138903363, 9.404348828, 124, 332, 38, 0, 325, 259, 295, 276, 134, 151
95nic5, non-improving cycles, 180, 1636209.8814231525, 8.291001763, 250, 327, 344, 0, 169, 277, 253, 253, 92, 151
96nic5, non-improving cycles, 184, 1690770.3736213166, 8.949731313, 326, 394, 0, 326, 261, 332, 330, 106, 172, 209
97nic5, non-improving cycles, 188, 1635965.9886687228, 8.239888463, 304, 364, 97, 0, 194, 256, 295, 170, 142, 291
98nic5, non-improving cycles, 192, 1628724.7461417974, 10.039838556, 80, 344, 0, 58, 289, 306, 246, 279, 69, 158
99nic5, non-improving cycles, 196, 1616919.2518080669, 23.849796944, 68, 272, 0, 123, 293, 294, 266, 224, 110, 23
100nic5, non-improving cycles, 200, 1573970.916749737, 10.301681914, 130, 292, 0, 135, 238, 260, 236, 33, 81, 234
