Some solutions are not valid* Example 2
1nic1, non-improving cycles, 1, 2175581.093019115, 0.612929107, 253, 327, 267, 133, 155, 167, 158, 235, 0, 33
2nic1, non-improving cycles, 2, 2054691.2190756015, 0.732640809, 363, 483, 495, 289, 214, 282, 399, 162, 219, 387
3nic1, non-improving cycles, 3, 1828868.9814418121, 0.806282644, 23, 364, 284, 0, 234, 326, 291, 100, 117, 220
4nic1, non-improving cycles, 4, 2087163.9819298894, 0.724304001, 310, 434, 161, 356, 228, 232, 190, 167, 301, 0
5nic1, non-improving cycles, 5, 1996676.018854954, 0.297642329, 261, 368, 390, 276, 115, 312, 299, 161, 137, 0
6nic1, non-improving cycles, 6, 1782840.624187017, 0.614454995, 134, 345, 381, 133, 322, 183, 290, 290, 126, 0
7nic1, non-improving cycles, 7, 1917011.7876581596, 0.467075899, 318, 370, 251, 96, 251, 325, 278, 318, 89, 0
8nic1, non-improving cycles, 8, 1892531.9092732286, 0.47340531, 346, 379, 337, 0, 284, 270, 345, 299, 90, 172
9nic1, non-improving cycles, 9, 1777502.7347823447, 0.809322126, 330, 380, 398, 0, 266, 328, 305, 300, 134, 193
10nic1, non-improving cycles, 10, 1791223.5421812646, 0.811782829, 308, 370, 364, 0, 245, 304, 257, 252, 104, 153
11nic1, non-improving cycles, 11, 1716704.350465153, 1.194530299, 327, 382, 320, 0, 253, 331, 329, 308, 145, 183
12nic1, non-improving cycles, 12, 1681452.162301764, 1.421458165, 240, 357, 0, 304, 334, 231, 293, 168, 105, 72
13nic1, non-improving cycles, 13, 1761771.3724267408, 1.254247171, 260, 337, 60, 0, 55, 300, 264, 255, 95, 143
14nic1, non-improving cycles, 14, 1815867.7230836859, 0.828367016, 309, 387, 139, 98, 234, 349, 329, 331, 145, 0
15nic1, non-improving cycles, 15, 1547879.655196451, 1.855543505, 249, 311, 0, 134, 187, 185, 247, 249, 81, 34
16nic1, non-improving cycles, 16, 1756733.6752922751, 2.216020444, 126, 305, 225, 125, 265, 246, 246, 219, 40, 0
17nic1, non-improving cycles, 17, 1843903.4657234545, 1.066360775, 227, 286, 220, 121, 83, 170, 229, 215, 61, 0
18nic1, non-improving cycles, 18, 1565195.9017045991, 4.082987622, 199, 357, 0, 277, 291, 299, 285, 183, 120, 69
19nic1, non-improving cycles, 19, 1769316.5497327428, 1.491755868, 214, 328, 386, 41, 328, 0, 294, 294, 107, 163
20nic1, non-improving cycles, 20, 1775895.4664717787, 1.133703081, 341, 404, 0, 3, 266, 369, 345, 345, 131, 121
21nic1, non-improving cycles, 21, 1572770.4504679237, 1.673917666, 218, 347, 266, 0, 310, 292, 280, 252, 103, 138
22nic1, non-improving cycles, 22, 1710821.4609850876, 1.339487908, 264, 334, 0, 257, 158, 280, 268, 34, 111, 164
23nic1, non-improving cycles, 23, 1632786.428946694, 1.601894791, 110, 361, 0, 295, 318, 248, 270, 202, 119, 90
24nic1, non-improving cycles, 24, 1825948.4960911954, 1.362119271, 354, 365, 439, 0, 249, 318, 348, 252, 183, 350
25nic1, non-improving cycles, 25, 1583501.9012825615, 2.460071741, 93, 364, 0, 4, 314, 313, 277, 295, 123, 188
26nic1, non-improving cycles, 26, 1727192.8430634025, 1.675238779, 218, 400, 421, 0, 358, 347, 327, 221, 165, 314
27nic1, non-improving cycles, 27, 1564310.149720214, 2.144283292, 115, 362, 64, 0, 328, 331, 295, 275, 141, 148
28nic1, non-improving cycles, 28, 1704904.9833973541, 3.923486768, 279, 375, 75, 128, 209, 322, 303, 297, 137, 0
29nic1, non-improving cycles, 29, 1685086.6841092752, 2.763008642, 201, 349, 340, 0, 299, 283, 249, 272, 80, 123
30nic1, non-improving cycles, 30, 1638196.415452915, 3.851426262, 142, 292, 0, 228, 275, 232, 249, 116, 88, 18
31nic1, non-improving cycles, 31, 1766663.6894557993, 1.891706405, 317, 393, 109, 0, 200, 347, 325, 115, 141, 256
32nic1, non-improving cycles, 32, 1604795.1539265502, 3.124885485, 179, 311, 0, 236, 274, 271, 239, 145, 61, 27
33nic1, non-improving cycles, 33, 1761114.625152345, 3.538690827, 118, 333, 348, 0, 290, 266, 232, 265, 69, 93
34nic1, non-improving cycles, 34, 1724839.4684841102, 3.885109154, 220, 292, 202, 0, 157, 142, 216, 110, 33, 211
35nic1, non-improving cycles, 35, 1703472.6439037495, 3.409544131, 10, 327, 241, 0, 252, 296, 259, 249, 79, 115
36nic1, non-improving cycles, 36, 1640974.712759695, 3.553113614, 305, 334, 0, 286, 234, 265, 307, 191, 155, 84
37nic1, non-improving cycles, 37, 1744052.0954325735, 3.561947369, 167, 408, 0, 277, 354, 374, 343, 165, 188, 74
38nic1, non-improving cycles, 38, 1733809.805162236, 2.467763031, 59, 284, 34, 187, 273, 222, 241, 94, 88, 0
39nic1, non-improving cycles, 39, 1558987.4360721912, 2.167770209, 281, 358, 100, 0, 210, 317, 283, 239, 118, 120
40nic1, non-improving cycles, 40, 1698398.4377964863, 2.189328795, 272, 345, 358, 0, 209, 301, 261, 245, 88, 144
41nic1, non-improving cycles, 41, 1645274.3272384233, 5.074473121, 310, 369, 0, 59, 219, 328, 268, 297, 113, 198
42nic1, non-improving cycles, 42, 1723973.7670955649, 2.999257288, 127, 353, 362, 0, 294, 321, 269, 253, 73, 155
43nic1, non-improving cycles, 43, 1654639.9475168078, 6.097293293, 65, 349, 0, 272, 301, 274, 280, 156, 103, 57
44nic1, non-improving cycles, 44, 1646800.2524825693, 5.914597671, 259, 357, 269, 0, 158, 307, 282, 274, 117, 130
45nic1, non-improving cycles, 45, 1619041.4244218473, 3.28932145, 199, 348, 375, 0, 318, 241, 284, 287, 122, 160
46nic1, non-improving cycles, 46, 1770265.044304269, 4.254117888, 155, 387, 130, 243, 336, 336, 316, 145, 160, 0
47nic1, non-improving cycles, 47, 1803898.9720640876, 2.77280586, 110, 317, 91, 229, 295, 71, 280, 119, 119, 0
48nic1, non-improving cycles, 48, 1669622.6013837121, 4.984656581, 92, 317, 0, 254, 294, 286, 267, 49, 102, 149
49nic1, non-improving cycles, 49, 1659287.432282152, 6.070508669, 216, 274, 0, 42, 340, 372, 297, 150, 141, 281
50nic1, non-improving cycles, 50, 1699276.846400611, 5.924125403, 186, 373, 368, 0, 312, 330, 257, 299, 96, 202
51nic1, non-improving cycles, 52, 1701280.9390044608, 3.79642611, 202, 308, 0, 148, 68, 222, 243, 240, 78, 26
52nic1, non-improving cycles, 54, 1616168.868125625, 11.900919, 131, 321, 343, 0, 270, 263, 248, 249, 94, 119
53nic1, non-improving cycles, 56, 1688187.5354259382, 6.2801911, 213, 351, 376, 0, 316, 312, 284, 217, 109, 121
54nic1, non-improving cycles, 58, 1736416.6792574762, 3.115446242, 179, 340, 366, 116, 297, 136, 273, 278, 121, 0
55nic1, non-improving cycles, 60, 1697845.0538512915, 9.487311954, 329, 378, 0, 287, 253, 302, 330, 195, 178, 66
56nic1, non-improving cycles, 62, 1525794.7799347015, 7.29688174, 110, 321, 27, 0, 295, 204, 265, 223, 111, 107
57nic1, non-improving cycles, 64, 1635121.1315387792, 4.907962208, 143, 295, 67, 118, 238, 232, 236, 252, 83, 0
58nic1, non-improving cycles, 66, 1726684.497511569, 4.302154219, 319, 393, 402, 0, 254, 310, 310, 312, 119, 197
59nic1, non-improving cycles, 68, 1562262.0494338926, 10.819418497, 220, 390, 0, 217, 349, 350, 319, 315, 137, 111
60nic1, non-improving cycles, 70, 1635370.152125003, 9.765031252, 172, 341, 355, 0, 292, 273, 264, 235, 103, 93
61nic1, non-improving cycles, 72, 1641140.7330591178, 9.517482253, 264, 334, 0, 259, 202, 276, 267, 128, 112, 21
62nic1, non-improving cycles, 74, 1675764.5074648783, 8.084714678, 294, 335, 269, 0, 229, 276, 290, 293, 97, 144
63nic1, non-improving cycles, 76, 1542562.8485472137, 8.646905203, 134, 323, 65, 0, 291, 287, 268, 224, 93, 119
64nic1, non-improving cycles, 78, 1624549.9300605739, 7.478987016, 193, 341, 374, 0, 319, 251, 281, 277, 118, 174
65nic1, non-improving cycles, 80, 1640993.3810692234, 6.090120218, 167, 392, 68, 0, 339, 298, 320, 315, 121, 190
66nic1, non-improving cycles, 82, 1685950.6205929064, 4.421584556, 226, 307, 207, 0, 164, 252, 232, 128, 41, 232
67nic1, non-improving cycles, 84, 1554860.7970930464, 9.401201398, 273, 349, 0, 40, 199, 315, 274, 269, 78, 144
68nic1, non-improving cycles, 86, 1637827.9372014217, 5.480507633, 255, 351, 305, 0, 346, 372, 318, 284, 149, 190
69nic1, non-improving cycles, 88, 1591106.6257655784, 9.87674515, 139, 391, 0, 41, 336, 359, 307, 318, 138, 166
70nic1, non-improving cycles, 90, 1567458.3789309603, 5.377697586, 272, 343, 0, 266, 207, 294, 269, 167, 113, 74
71nic1, non-improving cycles, 92, 1679454.6201888372, 12.168128289, 330, 393, 0, 330, 269, 345, 323, 192, 163, 99
72nic1, non-improving cycles, 94, 1657020.4563593462, 7.132852152, 162, 316, 340, 0, 262, 280, 246, 251, 72, 143
73nic1, non-improving cycles, 96, 1668132.4701184328, 6.391348181, 162, 370, 380, 0, 305, 322, 281, 267, 114, 160
74nic1, non-improving cycles, 98, 1642145.1271926018, 14.048057085, 323, 381, 0, 330, 251, 328, 329, 239, 171, 123
75nic1, non-improving cycles, 100, 1630681.1917703464, 15.156360458, 209, 349, 379, 0, 314, 296, 286, 282, 133, 139
76nic1, non-improving cycles, 104, 1576137.3628379684, 13.356152415, 204, 367, 49, 0, 322, 314, 293, 256, 101, 138
77nic1, non-improving cycles, 108, 1651902.778641161, 12.907714545, 301, 376, 389, 0, 224, 345, 298, 292, 140, 196
78nic1, non-improving cycles, 112, 1655300.058452, 8.156999079, 343, 411, 0, 5, 257, 378, 344, 337, 183, 242
79nic1, non-improving cycles, 116, 1653815.3028798865, 11.29199586, 162, 358, 279, 0, 302, 203, 294, 237, 127, 108
80nic1, non-improving cycles, 120, 1607236.464960991, 12.342373789, 180, 302, 0, 249, 290, 259, 273, 147, 118, 48
81nic1, non-improving cycles, 124, 1680113.1085654632, 10.907158082, 133, 299, 368, 0, 301, 248, 275, 270, 120, 126
82nic1, non-improving cycles, 128, 1599051.6768570263, 8.081848975, 155, 346, 0, 45, 287, 120, 239, 143, 82, 264
83nic1, non-improving cycles, 132, 1587607.1613380825, 19.530744085, 168, 329, 0, 228, 279, 271, 259, 118, 107, 26
84nic1, non-improving cycles, 136, 1587497.222852917, 8.225019857, 183, 339, 353, 0, 298, 212, 261, 259, 96, 165
85nic1, non-improving cycles, 140, 1707871.7150448677, 10.92628053, 307, 383, 0, 123, 241, 323, 324, 260, 164, 20
86nic1, non-improving cycles, 144, 1674516.1875243867, 13.298957447, 163, 336, 352, 0, 279, 292, 258, 253, 86, 111
87nic1, non-improving cycles, 148, 1643164.4771072427, 11.523116811, 239, 386, 377, 0, 341, 355, 286, 306, 133, 209
88nic1, non-improving cycles, 152, 1546785.8605615706, 20.164367908, 273, 346, 66, 0, 171, 313, 278, 266, 120, 148
89nic1, non-improving cycles, 156, 1636955.3030145532, 12.750795002, 125, 324, 238, 117, 265, 260, 251, 251, 82, 0
90nic1, non-improving cycles, 160, 1593407.7094283968, 21.367642659, 274, 350, 0, 279, 200, 173, 269, 181, 117, 90
91nic1, non-improving cycles, 164, 1623967.2472128924, 17.161157827, 159, 313, 0, 270, 292, 172, 269, 178, 78, 69
92nic1, non-improving cycles, 168, 1537638.9022929317, 17.912766662, 167, 380, 0, 50, 333, 331, 316, 316, 148, 216
93nic1, non-improving cycles, 172, 1664860.884041633, 16.28662059, 149, 317, 334, 149, 256, 258, 243, 247, 92, 0
94nic1, non-improving cycles, 176, 1696077.4016999346, 13.695835132, 113, 305, 43, 0, 343, 338, 298, 317, 122, 216
95nic1, non-improving cycles, 180, 1599547.3035700142, 10.886528053, 212, 383, 0, 185, 336, 286, 317, 312, 164, 37
96nic1, non-improving cycles, 184, 1481755.9537799058, 26.084934718, 190, 342, 0, 3, 303, 177, 275, 276, 116, 176
97nic1, non-improving cycles, 188, 1629091.032271676, 19.026801535, 81, 350, 365, 0, 303, 293, 274, 276, 121, 162
98nic1, non-improving cycles, 192, 1533666.310164277, 15.38141864, 268, 335, 0, 44, 202, 79, 272, 168, 115, 265
99nic1, non-improving cycles, 196, 1550898.7968506678, 18.847740357, 259, 346, 0, 149, 193, 188, 273, 273, 120, 37
100nic1, non-improving cycles, 200, 1558898.5162720592, 16.658783755, 212, 320, 265, 0, 310, 286, 281, 281, 108, 158
1nic2, non-improving cycles, 1, 2204187.774145115, 0.050751182, 179, 285, 270, 113, 8, 226, 179, 211, 26, 0
2nic2, non-improving cycles, 2, 1912687.6631823662, 0.214379923, 142, 277, 237, 28, 271, 16, 252, 218, 0, 119
3nic2, non-improving cycles, 3, 1956848.7388332933, 0.212254767, 172, 321, 259, 59, 278, 255, 153, 151, 0, 244
4nic2, non-improving cycles, 4, 1637973.0197114022, 0.774559163, 251, 317, 0, 212, 360, 368, 331, 320, 158, 100
5nic2, non-improving cycles, 5, 1947610.7798826979, 0.287067459, 336, 409, 310, 110, 274, 260, 342, 319, 105, 0
6nic2, non-improving cycles, 6, 2007961.2583122333, 0.451722942, 140, 298, 289, 224, 262, 190, 193, 125, 0, 32
7nic2, non-improving cycles, 7, 1756875.8596667033, 0.454010716, 320, 372, 403, 0, 203, 340, 309, 301, 133, 207
8nic2, non-improving cycles, 8, 1633670.2201060664, 0.626211024, 66, 271, 3, 0, 302, 210, 280, 243, 126, 117
9nic2, non-improving cycles, 9, 1776694.3751532766, 0.656559309, 325, 390, 320, 181, 241, 330, 326, 324, 167, 0
10nic2, non-improving cycles, 10, 1753193.5897922122, 1.377824481, 150, 339, 349, 112, 291, 203, 248, 245, 83, 0
11nic2, non-improving cycles, 11, 1740974.3296595835, 1.401465161, 155, 301, 210, 216, 252, 235, 227, 104, 58, 0
12nic2, non-improving cycles, 12, 1971746.0455202335, 0.664388798, 211, 330, 177, 269, 306, 233, 277, 152, 0, 44
13nic2, non-improving cycles, 13, 1710742.6250997449, 1.248464716, 248, 407, 417, 0, 361, 371, 326, 300, 150, 188
14nic2, non-improving cycles, 14, 1713106.767716873, 0.819688789, 226, 359, 250, 0, 323, 319, 293, 293, 65, 135
15nic2, non-improving cycles, 15, 1800830.050739983, 1.897104435, 55, 373, 407, 0, 310, 309, 314, 275, 153, 155
16nic2, non-improving cycles, 16, 1755040.9388050395, 2.707906253, 163, 338, 353, 109, 291, 258, 252, 238, 88, 0
17nic2, non-improving cycles, 17, 1623659.343800983, 1.990372656, 146, 347, 357, 0, 283, 244, 264, 247, 101, 145
18nic2, non-improving cycles, 18, 1626875.6310826817, 1.820939312, 174, 294, 228, 139, 267, 205, 239, 237, 66, 0
19nic2, non-improving cycles, 19, 1740360.8825845334, 2.837210045, 48, 244, 0, 258, 265, 317, 272, 162, 108, 40
20nic2, non-improving cycles, 20, 1769663.2216719766, 1.424394202, 286, 421, 411, 0, 378, 385, 314, 337, 156, 199
21nic2, non-improving cycles, 21, 1762427.39215437, 1.697080086, 295, 360, 396, 0, 221, 215, 296, 266, 133, 143
22nic2, non-improving cycles, 22, 1676321.051073541, 2.532919127, 228, 390, 303, 0, 338, 352, 309, 294, 105, 194
23nic2, non-improving cycles, 23, 1772556.3556171525, 1.358049694, 246, 425, 0, 320, 378, 228, 352, 208, 194, 33
24nic2, non-improving cycles, 24, 1764547.450390935, 2.58659188, 57, 259, 200, 101, 227, 223, 213, 218, 31, 0
25nic2, non-improving cycles, 25, 1676247.4130131905, 1.712232993, 218, 374, 248, 0, 338, 272, 302, 278, 97, 172
26nic2, non-improving cycles, 26, 1565210.9674035383, 1.523731322, 152, 345, 55, 0, 302, 311, 276, 276, 81, 156
27nic2, non-improving cycles, 27, 1697795.6664226188, 1.585659438, 274, 394, 417, 0, 366, 346, 321, 336, 169, 214
28nic2, non-improving cycles, 28, 1636016.327016822, 3.093418782, 201, 346, 0, 235, 302, 308, 261, 143, 87, 30
29nic2, non-improving cycles, 29, 1597030.8676388054, 3.761052054, 193, 368, 60, 0, 329, 309, 309, 244, 156, 129
30nic2, non-improving cycles, 30, 1856425.6420847806, 1.981569609, 129, 337, 298, 106, 337, 224, 324, 296, 147, 0
31nic2, non-improving cycles, 31, 1593072.337857394, 2.872778466, 277, 381, 0, 50, 212, 287, 308, 198, 134, 304
32nic2, non-improving cycles, 32, 1480600.029646392, 3.940936787, 174, 290, 0, 151, 268, 253, 251, 248, 92, 48
33nic2, non-improving cycles, 33, 1697366.0165568355, 3.730964366, 97, 285, 32, 244, 266, 238, 245, 146, 73, 0
34nic2, non-improving cycles, 34, 1682808.8048603628, 2.765560044, 158, 348, 367, 0, 308, 306, 274, 285, 97, 108
35nic2, non-improving cycles, 35, 1658538.0693378542, 4.368794594, 250, 272, 0, 145, 182, 214, 247, 48, 78, 243
36nic2, non-improving cycles, 36, 1614339.1991346786, 2.077371971, 173, 342, 352, 0, 269, 301, 261, 226, 106, 113
37nic2, non-improving cycles, 37, 1692771.8254642328, 3.618510644, 168, 425, 0, 239, 364, 393, 361, 358, 189, 143
38nic2, non-improving cycles, 38, 1603799.3348464277, 4.638732951, 185, 321, 0, 220, 279, 267, 250, 128, 77, 15
39nic2, non-improving cycles, 39, 1616423.4974820307, 5.748968685, 164, 298, 218, 99, 258, 252, 228, 216, 62, 0
40nic2, non-improving cycles, 40, 1546961.2253922573, 4.962181824, 159, 315, 3, 148, 275, 254, 245, 247, 84, 0
41nic2, non-improving cycles, 41, 1615507.1605764285, 5.820943797, 278, 341, 249, 0, 216, 294, 267, 255, 98, 151
42nic2, non-improving cycles, 42, 1621752.835111594, 4.59632382, 176, 321, 353, 0, 298, 290, 254, 264, 98, 121
43nic2, non-improving cycles, 43, 1782054.7041112042, 2.384159716, 188, 287, 316, 0, 123, 243, 221, 216, 51, 124
44nic2, non-improving cycles, 44, 1716013.924830266, 6.121364944, 288, 345, 0, 273, 177, 273, 291, 66, 128, 160
45nic2, non-improving cycles, 45, 1535088.6332967067, 2.987076948, 197, 278, 250, 0, 288, 246, 260, 255, 99, 147
46nic2, non-improving cycles, 46, 1604055.8032289767, 4.230451286, 177, 373, 0, 291, 330, 331, 308, 194, 143, 91
47nic2, non-improving cycles, 47, 1704813.3869778092, 3.270483781, 116, 320, 334, 0, 260, 276, 243, 242, 57, 107
48nic2, non-improving cycles, 48, 1689610.514870325, 5.165972224, 245, 281, 0, 122, 180, 190, 238, 231, 39, 18
49nic2, non-improving cycles, 49, 1724250.2406898662, 3.732232487, 0, 345, 120, 134, 315, 300, 294, 295, 134, 26
50nic2, non-improving cycles, 50, 1666760.6589999986, 3.236126404, 97, 329, 338, 0, 275, 248, 246, 235, 79, 123
51nic2, non-improving cycles, 52, 1746654.9821684752, 3.37326691, 230, 383, 398, 168, 342, 319, 303, 307, 147, 0
52nic2, non-improving cycles, 54, 1703035.4175285776, 5.776480595, 273, 341, 358, 0, 201, 254, 261, 272, 79, 179
53nic2, non-improving cycles, 56, 1668441.4556896905, 3.914254429, 275, 360, 372, 0, 203, 315, 281, 264, 121, 128
54nic2, non-improving cycles, 58, 1588136.1602532428, 3.589380916, 88, 364, 0, 194, 312, 177, 286, 95, 132, 290
55nic2, non-improving cycles, 60, 1707057.9840854502, 4.56873465, 275, 376, 391, 0, 207, 336, 300, 272, 144, 139
56nic2, non-improving cycles, 62, 1716321.5415182076, 8.244637973, 60, 265, 0, 109, 286, 315, 256, 17, 99, 214
57nic2, non-improving cycles, 64, 1596195.2080738316, 6.039372233, 182, 252, 76, 0, 276, 54, 264, 256, 101, 130
58nic2, non-improving cycles, 66, 1611195.209913927, 5.212627241, 305, 372, 0, 197, 238, 271, 308, 306, 122, 72
59nic2, non-improving cycles, 68, 1645331.3127121443, 5.866510613, 95, 294, 0, 232, 254, 239, 244, 37, 93, 141
60nic2, non-improving cycles, 70, 1508747.7528652535, 5.538255105, 203, 344, 0, 3, 317, 313, 289, 292, 135, 188
61nic2, non-improving cycles, 72, 1440080.7500525662, 6.078313234, 117, 329, 0, 25, 284, 278, 254, 243, 102, 134
62nic2, non-improving cycles, 74, 1525873.9507542625, 4.478959512, 156, 354, 0, 49, 266, 258, 270, 241, 107, 148
63nic2, non-improving cycles, 76, 1712020.0896371119, 4.341729105, 322, 388, 61, 0, 240, 125, 338, 215, 184, 316
64nic2, non-improving cycles, 78, 1579678.8569602785, 7.038277372, 63, 289, 0, 25, 225, 173, 254, 240, 88, 117
65nic2, non-improving cycles, 80, 1575103.185255542, 7.330166879, 282, 357, 274, 0, 217, 241, 282, 281, 118, 156
66nic2, non-improving cycles, 82, 1757374.0585671463, 8.583168854, 237, 429, 0, 327, 382, 372, 358, 114, 194, 209
67nic2, non-improving cycles, 84, 1616673.0464698053, 6.514652014, 277, 337, 95, 0, 120, 297, 276, 246, 125, 119
68nic2, non-improving cycles, 86, 1629925.3237300562, 9.630264088, 178, 344, 370, 0, 308, 287, 271, 284, 107, 175
69nic2, non-improving cycles, 88, 1695187.5685673666, 6.280259346, 349, 417, 0, 350, 255, 382, 343, 240, 191, 145
70nic2, non-improving cycles, 90, 1616067.4978027758, 11.87463239, 267, 341, 354, 0, 205, 262, 261, 246, 110, 144
71nic2, non-improving cycles, 92, 1551549.748329002, 15.055238881, 114, 312, 53, 123, 266, 243, 243, 240, 87, 0
72nic2, non-improving cycles, 94, 1593263.6882323027, 13.389041525, 253, 405, 0, 222, 358, 245, 322, 322, 165, 96
73nic2, non-improving cycles, 96, 1616591.843200435, 7.589603659, 205, 327, 96, 0, 318, 194, 291, 116, 130, 216
74nic2, non-improving cycles, 98, 1564632.1817380926, 13.422290129, 211, 276, 65, 0, 328, 303, 298, 293, 146, 201
75nic2, non-improving cycles, 100, 1667416.8398206122, 11.344390822, 239, 348, 0, 301, 342, 312, 315, 92, 150, 192
76nic2, non-improving cycles, 104, 1657231.02922401, 16.073508584, 113, 338, 0, 245, 290, 307, 264, 50, 84, 141
77nic2, non-improving cycles, 108, 1713099.9526379239, 6.704978719, 213, 339, 278, 129, 316, 99, 286, 278, 114, 0
78nic2, non-improving cycles, 112, 1559094.394383111, 6.283908033, 154, 344, 0, 14, 320, 244, 290, 242, 109, 142
79nic2, non-improving cycles, 116, 1681631.13621715, 15.610647645, 283, 355, 374, 0, 192, 286, 283, 264, 131, 120
80nic2, non-improving cycles, 120, 1655989.329967629, 10.906515792, 259, 312, 335, 0, 198, 124, 243, 255, 91, 152
81nic2, non-improving cycles, 124, 1626204.6458155091, 11.562782397, 163, 290, 310, 0, 255, 250, 212, 223, 59, 108
82nic2, non-improving cycles, 128, 1539598.1931500754, 9.65470039, 257, 321, 80, 0, 191, 90, 252, 159, 94, 250
83nic2, non-improving cycles, 132, 1459993.7525718738, 17.513745207, 189, 331, 0, 17, 296, 258, 269, 257, 113, 113
84nic2, non-improving cycles, 136, 1656454.3046848883, 15.508378512, 127, 267, 1, 102, 232, 141, 201, 210, 22, 0
85nic2, non-improving cycles, 140, 1607819.3597216173, 11.341441706, 231, 293, 0, 197, 322, 237, 291, 88, 121, 289
86nic2, non-improving cycles, 144, 1568974.2254396384, 15.782570297, 181, 364, 0, 161, 286, 263, 293, 272, 111, 68
87nic2, non-improving cycles, 148, 1623019.7072573672, 10.633726059, 274, 346, 43, 155, 211, 298, 276, 259, 113, 0
88nic2, non-improving cycles, 152, 1571886.1983025349, 16.578135319, 181, 327, 234, 0, 287, 293, 260, 240, 78, 149
89nic2, non-improving cycles, 156, 1652056.0617538083, 13.485727884, 166, 343, 356, 0, 290, 302, 256, 215, 104, 103
90nic2, non-improving cycles, 160, 1631815.954011006, 17.980258374, 223, 307, 33, 114, 127, 224, 232, 222, 74, 0
91nic2, non-improving cycles, 164, 1627811.1526088696, 10.58188449, 133, 298, 0, 244, 260, 263, 245, 42, 82, 153
92nic2, non-improving cycles, 168, 1543400.784195671, 15.311550119, 261, 334, 0, 138, 199, 278, 261, 246, 88, 42
93nic2, non-improving cycles, 172, 1601632.5518598657, 9.754303787, 184, 306, 83, 120, 285, 109, 252, 230, 93, 0
94nic2, non-improving cycles, 176, 1568849.8507781534, 24.259321743, 167, 374, 0, 1, 330, 298, 302, 283, 145, 122
95nic2, non-improving cycles, 180, 1641084.1835516586, 14.57432274, 135, 318, 330, 0, 235, 231, 235, 242, 73, 148
96nic2, non-improving cycles, 184, 1597125.0930774272, 19.557775701, 135, 357, 0, 289, 309, 247, 288, 195, 108, 88
97nic2, non-improving cycles, 188, 1591700.5873211364, 13.684400632, 176, 314, 57, 100, 277, 243, 246, 221, 71, 0
98nic2, non-improving cycles, 192, 1643236.9055364958, 38.134068539, 50, 335, 0, 151, 280, 234, 260, 60, 74, 246
99nic2, non-improving cycles, 196, 1648426.4527166095, 30.924352691, 96, 363, 280, 0, 319, 313, 287, 264, 100, 141
100nic2, non-improving cycles, 200, 1605506.4191517024, 19.663373413, 242, 318, 332, 0, 172, 284, 241, 232, 90, 139
1nic3, non-improving cycles, 1, 1748315.2550860343, 0.06276809, 63, 307, 188, 0, 236, 273, 247, 243, 28, 144
2nic3, non-improving cycles, 2, 2187495.0659884997, 0.230537939, 269, 344, 277, 253, 199, 311, 165, 159, 0, 50
3nic3, non-improving cycles, 3, 2021095.6982352575, 0.399076102, 413, 481, 512, 301, 337, 377, 403, 416, 198, 210
4nic3, non-improving cycles, 4, 1811559.5305184051, 0.465619084, 233, 297, 314, 0, 113, 264, 220, 234, 39, 136
5nic3, non-improving cycles, 5, 1854060.2185886696, 0.272050844, 195, 314, 338, 115, 287, 191, 245, 212, 39, 0
6nic3, non-improving cycles, 6, 1882159.2238486942, 0.362553461, 261, 439, 188, 0, 364, 408, 394, 351, 203, 251
7nic3, non-improving cycles, 7, 1922268.1228380608, 0.617527054, 262, 318, 341, 123, 176, 163, 230, 265, 56, 0
8nic3, non-improving cycles, 8, 1733479.1026349245, 0.728061086, 150, 350, 93, 126, 319, 171, 300, 299, 105, 0
9nic3, non-improving cycles, 9, 1948893.5188099355, 0.546659797, 10, 301, 283, 100, 247, 254, 186, 226, 26, 0
10nic3, non-improving cycles, 10, 1867501.9610774834, 0.664369429, 279, 351, 0, 389, 374, 381, 389, 288, 184, 180
11nic3, non-improving cycles, 11, 1707749.9310854322, 0.846260883, 150, 271, 299, 95, 244, 238, 206, 196, 53, 0
12nic3, non-improving cycles, 12, 1863347.6838274095, 1.235783524, 351, 424, 435, 212, 155, 377, 334, 334, 176, 116
13nic3, non-improving cycles, 13, 1770844.796120679, 0.829352131, 189, 353, 392, 192, 302, 282, 299, 299, 137, 0
14nic3, non-improving cycles, 14, 1703408.432805067, 1.84315446, 122, 361, 375, 0, 300, 323, 279, 220, 124, 102
15nic3, non-improving cycles, 15, 1666810.8928518929, 1.100568648, 284, 337, 0, 48, 186, 280, 269, 287, 68, 142
16nic3, non-improving cycles, 16, 1607054.4442007588, 2.088740352, 118, 315, 0, 242, 268, 264, 229, 144, 62, 45
17nic3, non-improving cycles, 17, 1760419.814079698, 2.862310308, 136, 381, 383, 0, 315, 271, 283, 257, 105, 148
18nic3, non-improving cycles, 18, 1763740.8730869025, 2.993214707, 84, 339, 90, 220, 283, 245, 279, 126, 115, 0
19nic3, non-improving cycles, 19, 1844546.266364784, 1.627852073, 2, 284, 293, 92, 221, 243, 202, 187, 37, 0
20nic3, non-improving cycles, 20, 1755631.5854481074, 1.350369384, 149, 315, 235, 214, 271, 219, 249, 123, 75, 0
21nic3, non-improving cycles, 21, 1659571.5615966038, 4.333897624, 175, 337, 248, 0, 274, 101, 265, 132, 83, 258
22nic3, non-improving cycles, 22, 1791631.3544377661, 1.587956088, 0, 318, 329, 136, 254, 268, 236, 244, 74, 0
23nic3, non-improving cycles, 23, 1725852.918053391, 1.865270346, 191, 355, 372, 104, 315, 292, 280, 283, 119, 0
24nic3, non-improving cycles, 24, 1713024.988790022, 2.330691715, 91, 370, 382, 0, 313, 321, 290, 267, 114, 131
25nic3, non-improving cycles, 25, 1716849.0860273286, 2.448783065, 124, 358, 382, 0, 327, 300, 289, 259, 116, 107
26nic3, non-improving cycles, 26, 1643104.0425953378, 2.947473227, 122, 343, 62, 94, 284, 228, 272, 259, 100, 0
27nic3, non-improving cycles, 27, 1567250.9934918117, 1.933880917, 90, 343, 0, 280, 302, 283, 280, 183, 128, 76
28nic3, non-improving cycles, 28, 1755523.5910481769, 2.484879334, 63, 300, 329, 0, 257, 248, 235, 234, 54, 110
29nic3, non-improving cycles, 29, 1692222.517524378, 3.122736665, 152, 366, 0, 293, 296, 308, 288, 77, 94, 190
30nic3, non-improving cycles, 30, 1665233.637530112, 2.153420296, 137, 296, 204, 92, 253, 95, 224, 217, 52, 0
31nic3, non-improving cycles, 31, 1622681.5203648435, 3.526971193, 233, 348, 43, 0, 165, 315, 285, 240, 107, 147
32nic3, non-improving cycles, 32, 1710970.1542804502, 6.171025779, 180, 356, 364, 0, 272, 282, 271, 276, 88, 117
33nic3, non-improving cycles, 33, 1647182.9796196017, 3.117111981, 319, 383, 124, 0, 256, 308, 320, 303, 169, 106
34nic3, non-improving cycles, 34, 1634244.130710254, 3.675854357, 299, 382, 0, 307, 236, 301, 294, 210, 131, 89
35nic3, non-improving cycles, 35, 1783986.9407731264, 3.529637032, 93, 337, 284, 129, 323, 271, 293, 256, 107, 0
36nic3, non-improving cycles, 36, 1764933.0081097246, 3.923312874, 288, 367, 377, 113, 227, 202, 280, 282, 128, 0
37nic3, non-improving cycles, 37, 1730235.4820684916, 3.093141072, 186, 331, 0, 280, 297, 267, 290, 147, 88, 29
38nic3, non-improving cycles, 38, 1635785.8843564116, 4.053123756, 10, 320, 2, 0, 275, 286, 247, 234, 54, 109
39nic3, non-improving cycles, 39, 1704793.281283455, 3.130175074, 115, 367, 403, 0, 347, 332, 311, 305, 152, 179
40nic3, non-improving cycles, 40, 1704527.1942950613, 2.243729688, 61, 298, 206, 93, 239, 214, 228, 216, 51, 0
41nic3, non-improving cycles, 41, 1628530.015661872, 4.277155222, 176, 345, 0, 138, 307, 247, 260, 266, 79, 16
42nic3, non-improving cycles, 42, 1638228.6158730742, 4.786376605, 335, 380, 0, 20, 273, 314, 334, 333, 169, 180
43nic3, non-improving cycles, 43, 1683756.0313246283, 4.62182546, 218, 264, 15, 0, 64, 288, 231, 231, 74, 131
44nic3, non-improving cycles, 44, 1804662.8001556457, 2.851666154, 110, 330, 4, 200, 271, 226, 253, 0, 91, 108
45nic3, non-improving cycles, 45, 1699860.5833154817, 2.81481838, 63, 326, 52, 217, 266, 190, 251, 107, 99, 0
46nic3, non-improving cycles, 46, 1539497.316894095, 3.191839507, 190, 349, 0, 26, 317, 249, 288, 127, 124, 273
47nic3, non-improving cycles, 47, 1751207.436388223, 3.650900321, 212, 323, 257, 0, 321, 242, 299, 289, 73, 149
48nic3, non-improving cycles, 48, 1638368.1277402039, 5.748165354, 277, 353, 0, 181, 208, 269, 257, 281, 102, 22
49nic3, non-improving cycles, 49, 1696248.167435998, 4.089532927, 147, 305, 217, 108, 249, 251, 225, 208, 41, 0
50nic3, non-improving cycles, 50, 1636238.8826166503, 7.58989699, 144, 378, 299, 0, 327, 320, 305, 310, 127, 197
51nic3, non-improving cycles, 52, 1627211.3574901847, 3.211566319, 175, 410, 138, 0, 344, 335, 336, 332, 181, 234
52nic3, non-improving cycles, 54, 1579519.9963947893, 3.425693751, 126, 380, 126, 0, 330, 345, 297, 304, 133, 192
53nic3, non-improving cycles, 56, 1650066.7587922744, 7.793936926, 96, 321, 334, 0, 248, 283, 243, 251, 77, 156
54nic3, non-improving cycles, 58, 1719335.3305562118, 4.879028885, 303, 376, 391, 0, 225, 318, 296, 234, 141, 132
55nic3, non-improving cycles, 60, 1685353.759702657, 6.324882742, 22, 311, 0, 160, 306, 275, 248, 265, 89, 54
56nic3, non-improving cycles, 62, 1691495.2205444658, 5.250137958, 216, 301, 0, 234, 138, 248, 235, 107, 74, 15
57nic3, non-improving cycles, 64, 1636323.7790076637, 8.899463317, 229, 345, 0, 271, 326, 154, 292, 178, 110, 84
58nic3, non-improving cycles, 66, 1690659.5511715005, 6.504350798, 163, 304, 362, 0, 295, 254, 269, 207, 111, 114
59nic3, non-improving cycles, 68, 1585268.5549823786, 6.105255857, 139, 309, 0, 232, 264, 185, 242, 134, 82, 27
60nic3, non-improving cycles, 70, 1620355.6007902632, 7.128762365, 0, 359, 5, 27, 296, 193, 290, 287, 135, 142
61nic3, non-improving cycles, 72, 1645206.2483212138, 8.711979895, 151, 272, 51, 0, 298, 297, 277, 288, 111, 101
62nic3, non-improving cycles, 74, 1486298.3130059359, 6.982183937, 173, 307, 84, 0, 272, 239, 254, 236, 93, 106
63nic3, non-improving cycles, 76, 1576846.8276594044, 11.816033615, 185, 328, 30, 172, 300, 228, 268, 265, 110, 0
64nic3, non-improving cycles, 78, 1541757.9046425647, 4.783746084, 128, 337, 60, 0, 296, 295, 269, 226, 101, 91
65nic3, non-improving cycles, 80, 1578414.1239652783, 10.492468497, 149, 383, 112, 0, 324, 339, 314, 296, 159, 191
66nic3, non-improving cycles, 82, 1616652.8692787495, 5.711009844, 263, 339, 0, 257, 178, 285, 268, 160, 112, 37
67nic3, non-improving cycles, 84, 1634946.8760932167, 7.888441977, 326, 369, 0, 72, 240, 196, 329, 312, 154, 211
68nic3, non-improving cycles, 86, 1524655.1304167705, 4.858737268, 95, 315, 0, 4, 265, 276, 241, 229, 66, 108
69nic3, non-improving cycles, 88, 1623920.9227321742, 4.871898408, 52, 331, 250, 0, 258, 275, 263, 251, 95, 122
70nic3, non-improving cycles, 90, 1691451.6655817474, 7.29572619, 234, 244, 202, 0, 169, 283, 224, 234, 51, 130
71nic3, non-improving cycles, 92, 1648337.6715086089, 14.184826587, 133, 398, 108, 0, 344, 334, 308, 323, 127, 232
72nic3, non-improving cycles, 94, 1651338.3140352168, 5.385666251, 237, 309, 27, 94, 144, 224, 244, 219, 85, 0
73nic3, non-improving cycles, 96, 1705967.3805849806, 10.660375968, 31, 314, 0, 268, 291, 183, 275, 165, 121, 12
74nic3, non-improving cycles, 98, 1666688.9118150931, 5.574733764, 17, 279, 214, 0, 229, 223, 222, 224, 55, 103
75nic3, non-improving cycles, 100, 1663324.8113429933, 9.926188365, 333, 362, 0, 47, 269, 286, 330, 268, 156, 162
76nic3, non-improving cycles, 104, 1672336.3007584517, 11.962697755, 247, 296, 0, 253, 123, 218, 249, 157, 95, 50
77nic3, non-improving cycles, 108, 1725081.8649411926, 6.941380299, 128, 371, 393, 0, 278, 273, 297, 307, 131, 145
78nic3, non-improving cycles, 112, 1596705.3890436569, 11.675161002, 46, 320, 0, 150, 277, 230, 253, 51, 96, 245
79nic3, non-improving cycles, 116, 1562136.1877104011, 12.707691057, 181, 334, 0, 112, 283, 211, 270, 224, 108, 21
80nic3, non-improving cycles, 120, 1645843.907360796, 10.717395371, 193, 357, 376, 0, 321, 301, 285, 273, 111, 141
81nic3, non-improving cycles, 124, 1644879.1083867662, 8.892391564, 200, 392, 22, 0, 336, 342, 326, 308, 140, 185
82nic3, non-improving cycles, 128, 1613732.5695233739, 7.354879091, 122, 329, 30, 119, 271, 295, 268, 219, 117, 0
83nic3, non-improving cycles, 132, 1587235.5114905965, 13.383737115, 152, 347, 8, 0, 301, 215, 292, 146, 138, 245
84nic3, non-improving cycles, 136, 1520436.6874483316, 15.777017189, 206, 380, 0, 99, 320, 305, 311, 301, 140, 198
85nic3, non-improving cycles, 140, 1676131.0687331178, 12.323365122, 172, 316, 322, 0, 271, 221, 222, 241, 56, 103
86nic3, non-improving cycles, 144, 1532855.3639145126, 9.805886782, 142, 260, 51, 0, 272, 309, 245, 249, 79, 156
87nic3, non-improving cycles, 148, 1561512.0396488523, 13.48457705, 116, 289, 58, 0, 251, 226, 248, 201, 82, 110
88nic3, non-improving cycles, 152, 1688416.8650648058, 12.44641059, 131, 251, 187, 0, 243, 152, 202, 186, 32, 94
89nic3, non-improving cycles, 156, 1616942.0093778989, 11.398867757, 265, 321, 90, 0, 145, 238, 282, 253, 130, 124
90nic3, non-improving cycles, 160, 1492783.436116659, 10.512639179, 287, 364, 0, 68, 221, 333, 291, 280, 134, 171
91nic3, non-improving cycles, 164, 1732324.4568413876, 13.737281454, 141, 365, 98, 264, 323, 291, 300, 156, 137, 0
92nic3, non-improving cycles, 168, 1628933.9262122617, 19.670445625, 137, 320, 349, 0, 288, 264, 251, 245, 91, 147
93nic3, non-improving cycles, 172, 1684756.5714633607, 9.762797559, 204, 363, 85, 0, 120, 153, 294, 170, 140, 277
94nic3, non-improving cycles, 176, 1512758.8879311094, 12.785602516, 284, 359, 0, 25, 222, 281, 279, 162, 128, 262
95nic3, non-improving cycles, 180, 1552244.6155492081, 16.469938789, 254, 328, 47, 0, 116, 267, 258, 249, 105, 148
96nic3, non-improving cycles, 184, 1502144.9395440333, 22.498962338, 105, 307, 65, 0, 237, 217, 230, 216, 74, 97
97nic3, non-improving cycles, 188, 1683809.5957145148, 12.287456914, 155, 333, 349, 0, 265, 288, 258, 246, 77, 124
98nic3, non-improving cycles, 192, 1495482.71008515, 19.525359916, 126, 288, 47, 0, 218, 109, 218, 207, 61, 111
99nic3, non-improving cycles, 196, 1508060.5581892966, 29.611552481, 102, 291, 51, 0, 248, 245, 229, 214, 62, 113
100nic3, non-improving cycles, 200, 1576020.75316599, 14.867603661, 0, 313, 53, 33, 242, 130, 233, 238, 75, 141
1nic4, non-improving cycles, 1, 2144409.116395258, 0.053000228, 59, 353, 246, 249, 301, 300, 314, 134, 43, 0
2nic4, non-improving cycles, 2, 2045413.3508956886, 0.194487988, 230, 286, 279, 227, 169, 253, 180, 126, 21, 0
3nic4, non-improving cycles, 3, 2016782.3228543936, 0.159108207, 293, 368, 174, 167, 207, 323, 278, 263, 8, 0
4nic4, non-improving cycles, 4, 1861207.8771727034, 0.446102735, 169, 271, 321, 99, 262, 192, 229, 202, 27, 0
5nic4, non-improving cycles, 5, 1957084.7226134664, 0.308230671, 210, 430, 441, 303, 340, 250, 345, 211, 183, 0
6nic4, non-improving cycles, 6, 1981475.62227361, 0.621847084, 73, 389, 395, 96, 169, 346, 300, 306, 134, 0
7nic4, non-improving cycles, 7, 1791017.7805446098, 0.581996766, 235, 305, 343, 134, 173, 271, 251, 258, 81, 0
8nic4, non-improving cycles, 8, 1655201.433753361, 0.463029736, 187, 361, 374, 0, 304, 221, 280, 289, 109, 132
9nic4, non-improving cycles, 9, 1698908.5190900061, 0.789974041, 176, 357, 365, 0, 277, 101, 274, 131, 114, 270
10nic4, non-improving cycles, 10, 1676247.7261947943, 1.644695471, 312, 282, 38, 0, 251, 242, 311, 304, 124, 209
11nic4, non-improving cycles, 11, 1831513.711639989, 0.679911917, 86, 309, 219, 1, 261, 207, 240, 215, 0, 116
12nic4, non-improving cycles, 12, 1499901.8178019086, 1.140843213, 130, 330, 25, 0, 284, 229, 259, 231, 90, 131
13nic4, non-improving cycles, 13, 1697776.3314184337, 0.873689988, 186, 341, 368, 0, 315, 239, 275, 153, 92, 277
14nic4, non-improving cycles, 14, 1663657.537468363, 1.587588434, 225, 364, 377, 0, 318, 279, 281, 261, 97, 166
15nic4, non-improving cycles, 15, 1906146.2691019021, 0.850285864, 0, 314, 23, 203, 288, 268, 263, 3, 101, 108
16nic4, non-improving cycles, 16, 1773921.0701644425, 1.329801082, 246, 315, 317, 0, 348, 375, 324, 286, 105, 190
17nic4, non-improving cycles, 17, 1831120.489556171, 1.050473606, 264, 265, 0, 218, 186, 290, 259, 13, 99, 104
18nic4, non-improving cycles, 18, 1841858.9811080457, 1.664105429, 220, 327, 368, 254, 312, 280, 276, 113, 121, 0
19nic4, non-improving cycles, 19, 1767850.4149916354, 2.524672462, 266, 310, 354, 161, 190, 265, 263, 263, 98, 0
20nic4, non-improving cycles, 20, 1577929.4765456766, 2.740900148, 223, 380, 0, 302, 322, 334, 308, 199, 145, 101
21nic4, non-improving cycles, 21, 1690575.5420833111, 2.898560529, 255, 337, 108, 0, 190, 242, 297, 246, 120, 94
22nic4, non-improving cycles, 22, 1693535.4162317729, 1.608095402, 183, 426, 0, 113, 395, 380, 369, 347, 203, 243
23nic4, non-improving cycles, 23, 1754860.7643457355, 2.205885774, 72, 402, 416, 0, 356, 292, 325, 331, 163, 202
24nic4, non-improving cycles, 24, 1842994.4880535067, 2.647229148, 123, 385, 419, 0, 351, 324, 327, 292, 123, 129
25nic4, non-improving cycles, 25, 1794141.414094074, 1.519533734, 257, 341, 227, 36, 191, 0, 236, 265, 52, 134
26nic4, non-improving cycles, 26, 1751250.5394798866, 1.767175305, 274, 346, 336, 0, 212, 277, 238, 271, 68, 152
27nic4, non-improving cycles, 27, 1734896.3870161537, 2.105223959, 172, 340, 21, 236, 295, 162, 283, 144, 109, 0
28nic4, non-improving cycles, 28, 1658695.9320117054, 3.796502609, 178, 369, 0, 292, 317, 338, 312, 94, 149, 196
29nic4, non-improving cycles, 29, 1748128.7214723853, 3.379757352, 376, 417, 0, 39, 312, 385, 368, 374, 209, 276
30nic4, non-improving cycles, 30, 1518056.0459405654, 2.066871523, 118, 333, 0, 2, 263, 255, 262, 244, 98, 108
31nic4, non-improving cycles, 31, 1919491.1046248751, 1.829840444, 275, 333, 341, 115, 199, 163, 225, 275, 69, 0
32nic4, non-improving cycles, 32, 1771377.2558060032, 1.902715461, 0, 357, 111, 308, 310, 325, 316, 213, 157, 79
33nic4, non-improving cycles, 33, 1511463.8380816304, 4.390901915, 280, 342, 0, 80, 214, 204, 280, 177, 112, 269
34nic4, non-improving cycles, 34, 1685873.47201573, 2.174075654, 194, 333, 0, 240, 298, 236, 268, 110, 104, 3
35nic4, non-improving cycles, 35, 1631997.781209887, 4.199441955, 266, 312, 353, 0, 201, 247, 261, 262, 103, 164
36nic4, non-improving cycles, 36, 1780855.7201911486, 2.030353689, 184, 305, 311, 0, 116, 265, 220, 190, 61, 93
1nic1, non-improving cycles, 1, 1867108.8865028145, 0.839388613, 214, 400, 425, 111, 345, 260, 332, 282, 179, 0
2nic1, non-improving cycles, 2, 1915494.3459009472, 0.779395482, 0, 336, 361, 282, 308, 287, 254, 84, 88, 190
3nic1, non-improving cycles, 3, 2288314.1590632377, 0.7649583, 315, 356, 413, 254, 155, 162, 161, 94, 257, 0
4nic1, non-improving cycles, 4, 1993598.7123311872, 0.330749773, 152, 321, 422, 105, 302, 154, 326, 224, 173, 0
5nic1, non-improving cycles, 5, 1851443.9307073178, 0.515081233, 261, 366, 378, 158, 137, 321, 286, 259, 130, 0
6nic1, non-improving cycles, 6, 1893013.5691043353, 0.865464464, 227, 312, 348, 259, 153, 256, 250, 158, 95, 0
7nic1, non-improving cycles, 7, 2021668.3383554814, 0.360228983, 144, 302, 317, 240, 247, 212, 225, 144, 0, 9
8nic1, non-improving cycles, 8, 1911077.3352588129, 0.515259006, 131, 298, 322, 240, 269, 230, 217, 132, 43, 0
9nic1, non-improving cycles, 9, 1803569.6446925397, 0.713173376, 0, 361, 377, 37, 279, 281, 282, 280, 100, 146
10nic1, non-improving cycles, 10, 1892016.0260669396, 0.916377724, 254, 325, 339, 130, 163, 278, 243, 0, 92, 249
11nic1, non-improving cycles, 11, 1939387.003253171, 0.732172742, 237, 347, 379, 0, 331, 102, 279, 133, 50, 276
12nic1, non-improving cycles, 12, 1600117.1338783633, 0.757149983, 295, 345, 38, 0, 223, 267, 300, 185, 135, 290
13nic1, non-improving cycles, 13, 1750660.4262321154, 1.277352226, 335, 369, 0, 315, 268, 331, 336, 84, 178, 215
14nic1, non-improving cycles, 14, 1734632.537997784, 1.400592555, 230, 380, 279, 0, 324, 216, 307, 234, 96, 110
15nic1, non-improving cycles, 15, 1758637.3568677525, 1.444702186, 316, 382, 400, 0, 252, 344, 290, 275, 120, 161
16nic1, non-improving cycles, 16, 1670917.1127032286, 1.365871098, 241, 324, 0, 246, 119, 278, 249, 57, 97, 148
17nic1, non-improving cycles, 17, 1811974.7423079587, 0.956574687, 95, 339, 362, 95, 256, 265, 269, 245, 101, 0
18nic1, non-improving cycles, 18, 1687441.2998468573, 1.629472636, 120, 311, 242, 0, 274, 207, 259, 241, 62, 108
19nic1, non-improving cycles, 19, 1623842.6918651056, 1.897694382, 170, 361, 375, 0, 313, 302, 284, 243, 133, 147
20nic1, non-improving cycles, 20, 1727066.212839628, 1.494484147, 156, 362, 136, 274, 305, 304, 299, 154, 144, 0
21nic1, non-improving cycles, 21, 1636169.354585902, 1.443063399, 149, 391, 145, 0, 335, 354, 329, 304, 178, 189
22nic1, non-improving cycles, 22, 1856306.1072871834, 2.495132542, 278, 363, 385, 297, 209, 262, 289, 200, 128, 0
23nic1, non-improving cycles, 23, 1687215.5054444948, 2.281717825, 192, 331, 0, 116, 98, 224, 263, 236, 112, 21
24nic1, non-improving cycles, 24, 1745844.913623653, 2.114419627, 305, 391, 400, 0, 209, 350, 299, 296, 138, 153
25nic1, non-improving cycles, 25, 1841397.7851055278, 2.300905369, 3, 339, 348, 163, 210, 297, 257, 260, 95, 0
26nic1, non-improving cycles, 26, 1842372.0561454538, 1.431128373, 280, 384, 410, 0, 209, 309, 313, 272, 112, 157
27nic1, non-improving cycles, 27, 1781440.18621996, 1.945617537, 221, 300, 51, 107, 313, 212, 239, 249, 74, 0
28nic1, non-improving cycles, 28, 1734361.7114479712, 1.502092051, 358, 429, 0, 355, 249, 360, 362, 245, 208, 150
29nic1, non-improving cycles, 29, 1641031.0073034267, 1.714627348, 217, 386, 400, 0, 338, 331, 307, 307, 148, 214
30nic1, non-improving cycles, 30, 1626079.9905744137, 5.25760632, 11, 359, 10, 0, 312, 324, 288, 259, 132, 151
31nic1, non-improving cycles, 31, 1775035.3340084949, 2.432749968, 362, 431, 0, 228, 219, 365, 362, 133, 207, 330
32nic1, non-improving cycles, 32, 1688666.6701979013, 2.118144364, 110, 325, 214, 0, 284, 278, 268, 256, 59, 136
1nic1, non-improving cycles, 1, 1942869.437514283, 1.039601651, 290, 354, 346, 279, 229, 142, 255, 185, 78, 0
2nic1, non-improving cycles, 2, 2107403.9134930545, 1.207798172, 234, 300, 321, 234, 170, 161, 230, 99, 0, 1
3nic1, non-improving cycles, 3, 2094323.984822786, 1.390999339, 213, 284, 279, 192, 150, 126, 177, 99, 0, 8
4nic1, non-improving cycles, 4, 2003069.563674447, 2.947395686, 328, 418, 438, 325, 253, 237, 346, 234, 72, 125
5nic1, non-improving cycles, 5, 2015536.319086728, 1.815743709, 420, 490, 501, 408, 359, 372, 407, 313, 181, 206
6nic1, non-improving cycles, 6, 1967532.3079044337, 2.219307777, 269, 343, 344, 230, 208, 185, 247, 130, 55, 0
7nic1, non-improving cycles, 7, 2008578.0368398011, 3.447332975, 250, 330, 322, 253, 176, 199, 229, 162, 0, 65
8nic1, non-improving cycles, 8, 1878363.1952434983, 3.153485898, 372, 446, 450, 362, 301, 305, 358, 260, 151, 169
9nic1, non-improving cycles, 9, 1944605.5326152486, 3.205247266, 363, 448, 443, 381, 295, 311, 350, 285, 139, 158
10nic1, non-improving cycles, 10, 1917184.7092203635, 2.362348441, 332, 427, 428, 333, 266, 292, 330, 237, 101, 141
11nic1, non-improving cycles, 11, 1930594.0223121988, 6.901167817, 375, 441, 414, 377, 310, 266, 319, 280, 144, 175
12nic1, non-improving cycles, 12, 1993583.459213275, 3.09641624, 402, 475, 459, 382, 338, 293, 362, 270, 172, 156
13nic1, non-improving cycles, 13, 1963305.388798024, 5.342971493, 321, 399, 410, 299, 259, 237, 316, 202, 98, 0
14nic1, non-improving cycles, 14, 1978706.7183759073, 11.955526641, 308, 377, 391, 294, 244, 256, 296, 195, 69, 0
15nic1, non-improving cycles, 15, 2004830.159122507, 6.616889993, 305, 368, 363, 272, 229, 175, 272, 174, 74, 0
16nic1, non-improving cycles, 16, 1966913.4208815547, 3.471077888, 406, 455, 456, 401, 345, 335, 365, 309, 189, 207
17nic1, non-improving cycles, 17, 1950239.6336119524, 6.639832559, 313, 385, 393, 310, 247, 267, 301, 214, 82, 0
18nic1, non-improving cycles, 18, 1949030.354518818, 5.001026421, 274, 347, 348, 244, 210, 208, 257, 149, 56, 0
19nic1, non-improving cycles, 19, 1920293.0965084678, 7.241603744, 372, 446, 427, 375, 311, 289, 331, 266, 148, 145
20nic1, non-improving cycles, 20, 1899036.837306751, 11.963783938, 377, 445, 437, 346, 313, 310, 345, 255, 162, 151
21nic1, non-improving cycles, 21, 1995886.1242047034, 4.907958678, 286, 358, 348, 218, 222, 215, 249, 123, 71, 0
22nic1, non-improving cycles, 22, 1846431.0736372196, 7.55557708, 337, 386, 421, 339, 276, 238, 330, 248, 121, 104
23nic1, non-improving cycles, 23, 1913701.8112806836, 18.543729532, 369, 441, 457, 356, 300, 315, 360, 250, 141, 141
24nic1, non-improving cycles, 24, 1856368.6833625084, 11.885212492, 328, 382, 416, 317, 264, 260, 325, 226, 101, 110
25nic1, non-improving cycles, 25, 1910981.8128271955, 11.349503749, 343, 418, 396, 286, 278, 210, 304, 187, 128, 89
26nic1, non-improving cycles, 26, 1873223.4441406, 8.980914702, 361, 431, 445, 320, 298, 306, 351, 226, 147, 124
27nic1, non-improving cycles, 27, 1955940.8795562529, 7.470107542, 362, 448, 425, 383, 294, 288, 331, 288, 138, 197
28nic1, non-improving cycles, 28, 1934212.129716055, 10.769924233, 339, 384, 411, 356, 277, 260, 311, 261, 110, 170
29nic1, non-improving cycles, 29, 1921065.4219069262, 8.14339491, 356, 408, 426, 371, 295, 275, 332, 277, 139, 176
30nic1, non-improving cycles, 30, 1989964.4443840138, 8.079629383, 287, 346, 372, 277, 220, 219, 264, 185, 52, 0
31nic1, non-improving cycles, 31, 1910190.1367572034, 14.931689558, 332, 399, 409, 340, 257, 281, 313, 248, 84, 148
32nic1, non-improving cycles, 32, 1919933.3417736564, 16.928250115, 378, 458, 439, 376, 313, 279, 348, 280, 160, 160
33nic1, non-improving cycles, 33, 1874283.1811056922, 18.652312153, 297, 374, 406, 321, 236, 231, 314, 222, 86, 104
34nic1, non-improving cycles, 34, 1946875.7677752436, 10.738019342, 387, 425, 444, 387, 324, 304, 352, 292, 154, 177
35nic1, non-improving cycles, 35, 1922399.808768161, 12.867419072, 391, 464, 463, 391, 328, 310, 371, 289, 173, 167
36nic1, non-improving cycles, 36, 1965855.2514172867, 20.820702462, 265, 335, 342, 226, 199, 217, 251, 131, 48, 0
37nic1, non-improving cycles, 37, 1914461.6726067401, 9.374468774, 372, 447, 432, 369, 294, 303, 339, 277, 125, 181
38nic1, non-improving cycles, 38, 1910560.9459807486, 15.269081206, 350, 394, 426, 332, 278, 265, 322, 237, 115, 126
39nic1, non-improving cycles, 39, 1883995.6638824139, 16.753516935, 344, 405, 402, 336, 275, 251, 308, 243, 113, 129
40nic1, non-improving cycles, 40, 1875207.7386312638, 9.270857974, 337, 392, 427, 351, 275, 284, 330, 256, 118, 160
41nic1, non-improving cycles, 41, 1914749.866385379, 17.363749956, 375, 448, 438, 354, 297, 288, 344, 261, 140, 167
42nic1, non-improving cycles, 42, 1872372.7391283168, 15.018349974, 367, 442, 416, 367, 303, 263, 319, 270, 152, 166
43nic1, non-improving cycles, 43, 1844244.4946227623, 11.583498967, 316, 372, 402, 296, 255, 270, 307, 203, 104, 72
44nic1, non-improving cycles, 44, 1934109.923046426, 13.324896129, 382, 455, 448, 380, 309, 268, 357, 277, 146, 154
45nic1, non-improving cycles, 45, 1927066.1020630626, 29.202504821, 396, 461, 481, 384, 335, 345, 389, 290, 180, 171
46nic1, non-improving cycles, 46, 1907393.056676933, 19.540743415, 347, 396, 429, 328, 285, 269, 315, 233, 108, 129
47nic1, non-improving cycles, 47, 1919407.0259923765, 22.614659258, 265, 334, 350, 257, 204, 212, 258, 158, 52, 0
48nic1, non-improving cycles, 48, 1866414.2563009155, 25.062746619, 373, 441, 459, 369, 309, 322, 365, 274, 155, 177
49nic1, non-improving cycles, 49, 1916027.0646827728, 22.075855295, 374, 456, 445, 383, 310, 313, 350, 291, 157, 162
50nic1, non-improving cycles, 50, 1905530.5546428915, 17.46453496, 374, 436, 458, 346, 308, 305, 351, 254, 150, 151
51nic1, non-improving cycles, 52, 1901793.1959919224, 17.272563902, 356, 432, 427, 351, 271, 268, 335, 254, 116, 134
52nic1, non-improving cycles, 54, 1927609.342303499, 19.782210266, 364, 445, 464, 379, 303, 325, 368, 286, 136, 158
53nic1, non-improving cycles, 56, 1905747.6436337768, 30.010218593, 371, 406, 444, 363, 299, 284, 351, 265, 148, 156
54nic1, non-improving cycles, 58, 1940749.2433663048, 16.990225377, 318, 403, 428, 329, 254, 278, 323, 221, 90, 121
55nic1, non-improving cycles, 60, 1841667.8690962624, 27.906263597, 334, 398, 418, 329, 266, 230, 325, 230, 104, 134
56nic1, non-improving cycles, 62, 1908645.5559546067, 27.885847754, 319, 415, 422, 296, 256, 261, 326, 201, 104, 105
57nic1, non-improving cycles, 64, 1883383.4480299046, 19.101621476, 365, 434, 448, 320, 304, 321, 357, 227, 152, 119
58nic1, non-improving cycles, 66, 1872310.2774009602, 39.231712821, 343, 418, 428, 294, 282, 301, 337, 194, 128, 87
59nic1, non-improving cycles, 68, 1916998.4340444086, 26.085696107, 361, 441, 460, 376, 300, 331, 369, 280, 131, 168
60nic1, non-improving cycles, 70, 1879215.1504638493, 44.184142389, 364, 406, 430, 364, 301, 291, 326, 273, 143, 170
61nic1, non-improving cycles, 72, 1931294.2462507826, 19.016868534, 367, 443, 428, 362, 285, 270, 337, 258, 126, 138
62nic1, non-improving cycles, 74, 1853245.3530589791, 36.418653578, 351, 425, 415, 353, 288, 276, 317, 261, 134, 134
63nic1, non-improving cycles, 76, 1868449.5769162823, 23.057712667, 299, 376, 381, 291, 231, 214, 289, 196, 79, 52
64nic1, non-improving cycles, 78, 1852207.8975725675, 33.321586655, 339, 423, 426, 347, 274, 301, 331, 253, 116, 148
65nic1, non-improving cycles, 80, 1913403.7739429353, 29.074308479, 351, 424, 437, 301, 281, 300, 342, 197, 129, 89
66nic1, non-improving cycles, 82, 1850778.6750546498, 35.474341041, 338, 396, 424, 341, 275, 268, 314, 242, 115, 144
67nic1, non-improving cycles, 84, 1916060.907131903, 36.574062827, 348, 397, 419, 283, 287, 243, 321, 190, 137, 89
68nic1, non-improving cycles, 86, 1902313.519938273, 29.965495541, 359, 387, 443, 359, 281, 322, 352, 258, 121, 144
69nic1, non-improving cycles, 88, 1854022.303266053, 62.464180775, 320, 394, 376, 312, 250, 218, 279, 221, 88, 127
70nic1, non-improving cycles, 90, 1821868.3170412672, 45.10295294, 320, 386, 405, 309, 258, 266, 299, 205, 105, 112
71nic1, non-improving cycles, 92, 1860134.929185659, 43.979047162, 359, 431, 432, 360, 295, 311, 341, 269, 125, 177
72nic1, non-improving cycles, 94, 1870847.1117823678, 54.669007927, 357, 425, 440, 332, 294, 292, 340, 227, 138, 130
73nic1, non-improving cycles, 96, 1899176.3794892184, 43.745282195, 321, 396, 406, 305, 237, 262, 311, 202, 80, 79
74nic1, non-improving cycles, 98, 1891014.6533953599, 41.660525515, 379, 452, 463, 359, 313, 337, 369, 263, 159, 159
75nic1, non-improving cycles, 100, 1828012.0132345157, 62.62875977, 333, 407, 404, 333, 271, 259, 297, 227, 119, 131
76nic1, non-improving cycles, 104, 1866913.3700656774, 62.702414576, 331, 419, 416, 342, 265, 272, 324, 245, 105, 152
77nic1, non-improving cycles, 108, 1859564.1370641266, 71.928276225, 337, 374, 417, 331, 272, 229, 324, 235, 112, 123
78nic1, non-improving cycles, 112, 1902465.852957813, 54.809844796, 350, 421, 439, 352, 260, 282, 340, 258, 110, 141
79nic1, non-improving cycles, 116, 1833501.3508040304, 68.970262471, 336, 397, 420, 338, 271, 273, 323, 240, 110, 149
80nic1, non-improving cycles, 120, 1877412.0703520318, 46.121756526, 339, 402, 415, 319, 268, 243, 324, 220, 106, 123
81nic1, non-improving cycles, 124, 1826367.68163265, 65.401638633, 321, 380, 401, 319, 259, 205, 305, 225, 102, 109
82nic1, non-improving cycles, 128, 1882786.836848219, 40.358825403, 335, 426, 436, 337, 272, 298, 337, 242, 112, 142
83nic1, non-improving cycles, 132, 1868150.3749219698, 57.615881397, 319, 373, 398, 301, 243, 265, 307, 209, 86, 104
84nic1, non-improving cycles, 136, 1871905.4444254525, 46.955689641, 356, 430, 436, 334, 295, 299, 335, 239, 129, 132
85nic1, non-improving cycles, 140, 1914612.0280664926, 63.042424615, 357, 374, 433, 343, 294, 290, 324, 252, 127, 137
86nic1, non-improving cycles, 144, 1905877.9667188083, 79.247622763, 363, 433, 437, 356, 289, 281, 343, 260, 138, 108
87nic1, non-improving cycles, 148, 1828312.0007308116, 52.198755205, 322, 396, 390, 328, 258, 237, 299, 235, 105, 125
88nic1, non-improving cycles, 152, 1807831.2974093105, 155.407031538, 306, 378, 389, 291, 244, 225, 291, 199, 94, 95
89nic1, non-improving cycles, 156, 1884201.8573862507, 62.320701053, 329, 364, 416, 341, 268, 291, 323, 249, 116, 106
90nic1, non-improving cycles, 160, 1834730.7588132047, 62.070688047, 312, 342, 390, 295, 251, 265, 299, 204, 96, 103
91nic1, non-improving cycles, 164, 1864125.588826677, 50.386139925, 281, 347, 364, 251, 218, 223, 266, 156, 68, 50
92nic1, non-improving cycles, 168, 1844607.8387615788, 50.028636701, 303, 375, 387, 265, 242, 227, 293, 170, 90, 65
93nic1, non-improving cycles, 172, 1846184.2893993335, 72.262610125, 357, 431, 436, 353, 292, 300, 343, 244, 139, 152
94nic1, non-improving cycles, 176, 1885514.608824472, 69.114283517, 347, 420, 418, 309, 279, 282, 326, 205, 124, 111
95nic1, non-improving cycles, 180, 1858915.779745935, 42.700563607, 341, 423, 434, 328, 278, 297, 339, 235, 126, 115
96nic1, non-improving cycles, 184, 1840729.2448128373, 57.299565219, 329, 406, 422, 336, 266, 298, 331, 235, 103, 137
97nic1, non-improving cycles, 188, 1858619.5376948928, 49.839859983, 352, 420, 436, 342, 285, 281, 345, 243, 121, 146
98nic1, non-improving cycles, 192, 1888288.7952197315, 61.899961832, 355, 391, 432, 343, 287, 280, 338, 235, 135, 127
99nic1, non-improving cycles, 196, 1847835.062263947, 62.084695411, 342, 404, 406, 326, 278, 274, 311, 230, 127, 132
100nic1, non-improving cycles, 200, 1861451.3112678998, 139.534036143, 318, 371, 358, 312, 255, 220, 262, 218, 99, 112
1nic2, non-improving cycles, 1, 2146717.4971045684, 0.677901476, 350, 418, 425, 199, 289, 273, 332, 96, 111, 0
2nic2, non-improving cycles, 2, 2077512.0437006736, 0.721043378, 251, 307, 337, 237, 180, 166, 232, 127, 18, 0
3nic2, non-improving cycles, 3, 2074421.471268226, 0.912885547, 233, 306, 319, 209, 160, 194, 228, 101, 4, 0
4nic2, non-improving cycles, 4, 2004278.1442983805, 3.029841347, 257, 325, 315, 254, 189, 183, 223, 135, 37, 0
5nic2, non-improving cycles, 5, 1891963.4370972258, 2.105941559, 362, 440, 411, 344, 296, 289, 319, 244, 144, 150
6nic2, non-improving cycles, 6, 1931518.8306577674, 2.072214871, 336, 425, 444, 332, 275, 309, 345, 239, 107, 136
7nic2, non-improving cycles, 7, 1901415.5076384353, 4.498645455, 373, 437, 460, 381, 312, 310, 361, 283, 158, 182
8nic2, non-improving cycles, 8, 2028703.9327487068, 3.026313024, 271, 345, 331, 226, 192, 196, 239, 134, 40, 0
9nic2, non-improving cycles, 9, 1993118.2971727317, 2.971545083, 301, 372, 385, 254, 239, 244, 288, 133, 75, 0
10nic2, non-improving cycles, 10, 2038682.0821815622, 2.972826619, 219, 292, 312, 219, 156, 182, 220, 118, 0, 25
11nic2, non-improving cycles, 11, 2029473.3410296352, 3.165030295, 273, 345, 360, 215, 211, 149, 256, 111, 51, 0
12nic2, non-improving cycles, 12, 1945878.658364626, 3.004542122, 357, 432, 389, 336, 286, 241, 294, 245, 111, 133
13nic2, non-improving cycles, 13, 2001020.445705883, 4.695680814, 245, 323, 335, 216, 180, 173, 243, 115, 30, 0
14nic2, non-improving cycles, 14, 1985767.6501876898, 9.614389406, 337, 416, 427, 323, 266, 246, 334, 228, 114, 0
15nic2, non-improving cycles, 15, 1986686.5203706212, 4.480685172, 262, 312, 341, 251, 200, 216, 248, 147, 39, 0
16nic2, non-improving cycles, 16, 1952583.1144306348, 5.125366487, 400, 476, 478, 379, 337, 298, 366, 286, 187, 184
17nic2, non-improving cycles, 17, 1924399.3907748004, 13.932117158, 374, 446, 458, 352, 299, 324, 366, 253, 131, 148
18nic2, non-improving cycles, 18, 1996351.7971566168, 4.433422442, 397, 459, 493, 409, 332, 335, 396, 314, 176, 175
19nic2, non-improving cycles, 19, 1971336.474868303, 10.635219003, 404, 482, 493, 399, 336, 325, 402, 298, 178, 200
20nic2, non-improving cycles, 20, 1901572.0564118084, 7.177795892, 383, 457, 463, 363, 321, 319, 360, 272, 169, 156
21nic2, non-improving cycles, 21, 1953831.0588248412, 12.221012922, 384, 437, 458, 333, 319, 266, 367, 240, 168, 123
22nic2, non-improving cycles, 22, 1967506.5838466587, 8.842050307, 395, 475, 471, 404, 334, 344, 378, 305, 172, 200
23nic2, non-improving cycles, 23, 1925894.829158837, 12.453694052, 387, 447, 460, 368, 323, 315, 355, 273, 169, 175
24nic2, non-improving cycles, 24, 1932750.4813794852, 13.820261012, 360, 440, 413, 365, 295, 268, 306, 271, 124, 142
25nic2, non-improving cycles, 25, 1933330.8998187277, 15.433417831, 375, 434, 464, 380, 300, 310, 358, 275, 142, 174
26nic2, non-improving cycles, 26, 1979692.4823354962, 16.602049381, 294, 324, 375, 265, 233, 244, 279, 164, 74, 0
27nic2, non-improving cycles, 27, 1826005.0877958469, 13.337198381, 298, 356, 385, 290, 237, 247, 291, 194, 82, 86
28nic2, non-improving cycles, 28, 1879714.0768896262, 16.023860172, 372, 408, 457, 371, 306, 334, 365, 261, 155, 167
29nic2, non-improving cycles, 29, 1861143.0725298426, 14.290169469, 342, 420, 418, 336, 276, 293, 327, 239, 111, 138
30nic2, non-improving cycles, 30, 1997118.4301982888, 7.348021562, 270, 344, 331, 248, 202, 195, 232, 138, 47, 0
31nic2, non-improving cycles, 31, 1902119.612222294, 13.696158401, 381, 445, 467, 367, 315, 326, 373, 270, 159, 174
32nic2, non-improving cycles, 32, 1925370.02511152, 15.265578261, 288, 367, 393, 295, 226, 216, 293, 203, 55, 100
33nic2, non-improving cycles, 33, 1922904.6333041342, 16.328438051, 322, 424, 438, 312, 261, 280, 342, 219, 111, 126
34nic2, non-improving cycles, 34, 1849444.8488553206, 10.742380393, 320, 358, 405, 326, 258, 279, 310, 234, 94, 135
35nic2, non-improving cycles, 35, 1948784.1358222868, 9.037647694, 273, 347, 365, 278, 210, 192, 274, 182, 53, 0
36nic2, non-improving cycles, 36, 1910774.89589046, 20.343996484, 371, 450, 459, 356, 303, 308, 368, 232, 153, 139
37nic2, non-improving cycles, 37, 1925325.2485049, 16.236366758, 378, 452, 440, 376, 317, 284, 348, 270, 153, 123
38nic2, non-improving cycles, 38, 1950001.367921793, 21.762021413, 344, 419, 440, 296, 271, 302, 348, 205, 107, 112
39nic2, non-improving cycles, 39, 1905994.4334586863, 13.192943193, 363, 428, 423, 348, 302, 253, 326, 249, 145, 108
40nic2, non-improving cycles, 40, 1958664.4022730493, 13.851349422, 392, 446, 449, 391, 328, 311, 349, 296, 170, 152
41nic2, non-improving cycles, 41, 1901193.0089346091, 27.711074064, 317, 395, 408, 285, 242, 217, 315, 194, 80, 99
42nic2, non-improving cycles, 42, 1939006.6694953372, 9.863652743, 361, 395, 431, 334, 300, 284, 320, 225, 131, 133
43nic2, non-improving cycles, 43, 1896340.7609914627, 17.426819704, 358, 442, 456, 360, 292, 320, 365, 263, 134, 171
44nic2, non-improving cycles, 44, 1878854.4752161703, 21.445356845, 358, 407, 441, 359, 289, 276, 332, 259, 135, 153
45nic2, non-improving cycles, 45, 1952935.335036465, 17.295952204, 280, 355, 364, 274, 211, 225, 267, 183, 50, 0
46nic2, non-improving cycles, 46, 1892150.4895692253, 17.202765814, 347, 423, 398, 323, 281, 247, 293, 226, 127, 119
47nic2, non-improving cycles, 47, 1926993.1107955691, 17.040867463, 376, 451, 432, 366, 315, 300, 339, 274, 131, 165
48nic2, non-improving cycles, 48, 1908608.3349409571, 15.746972368, 359, 445, 442, 370, 289, 270, 347, 278, 134, 155
49nic2, non-improving cycles, 49, 1921764.0073285731, 15.792295943, 342, 419, 399, 344, 248, 233, 308, 245, 95, 127
50nic2, non-improving cycles, 50, 1904674.6985452003, 23.311653452, 304, 379, 358, 271, 238, 227, 264, 179, 76, 59
51nic2, non-improving cycles, 52, 1895879.384985751, 12.855641069, 344, 393, 435, 349, 282, 278, 340, 234, 126, 97
52nic2, non-improving cycles, 54, 1854622.5052798553, 36.493985784, 311, 397, 389, 320, 246, 263, 293, 223, 92, 102
53nic2, non-improving cycles, 56, 1867805.9194278673, 26.425248065, 356, 435, 446, 350, 291, 296, 355, 258, 136, 136
54nic2, non-improving cycles, 58, 1925593.7054535174, 13.737108534, 277, 344, 357, 253, 216, 188, 260, 162, 65, 0
55nic2, non-improving cycles, 60, 1914239.042943112, 17.130408628, 332, 393, 427, 311, 266, 291, 330, 196, 110, 105
56nic2, non-improving cycles, 62, 1893450.6137365852, 37.345676753, 374, 422, 457, 362, 313, 321, 362, 268, 146, 170
57nic2, non-improving cycles, 64, 1843270.3517675982, 34.208886833, 326, 398, 362, 321, 263, 223, 271, 230, 109, 123
58nic2, non-improving cycles, 66, 1934642.8245071685, 52.356707752, 293, 404, 421, 333, 232, 290, 326, 242, 72, 131
59nic2, non-improving cycles, 68, 1851536.6380807306, 34.789570659, 361, 428, 447, 357, 296, 308, 353, 262, 146, 145
60nic2, non-improving cycles, 70, 1921360.0732777347, 35.390015465, 384, 455, 465, 359, 315, 325, 364, 254, 163, 160
61nic2, non-improving cycles, 72, 1957673.667592922, 29.674555094, 311, 375, 365, 311, 244, 188, 270, 220, 91, 0
62nic2, non-improving cycles, 74, 1896775.2743184129, 19.060730425, 363, 398, 411, 351, 299, 285, 320, 259, 149, 144
63nic2, non-improving cycles, 76, 1851963.137903409, 35.040828387, 330, 390, 409, 295, 269, 285, 316, 201, 107, 105
64nic2, non-improving cycles, 78, 1874457.8777671647, 36.545280757, 364, 436, 408, 363, 301, 270, 314, 267, 143, 169
65nic2, non-improving cycles, 80, 1881016.0182599507, 33.046085915, 344, 417, 443, 339, 283, 309, 349, 243, 127, 149
66nic2, non-improving cycles, 82, 1894434.1914411634, 37.573416061, 374, 439, 458, 358, 312, 262, 363, 265, 147, 164
67nic2, non-improving cycles, 84, 1828137.2242562561, 68.696275549, 345, 420, 432, 341, 282, 279, 339, 247, 122, 153
68nic2, non-improving cycles, 86, 1893845.8608423085, 31.872465837, 348, 432, 436, 365, 286, 296, 342, 267, 132, 159
69nic2, non-improving cycles, 88, 1828937.437846833, 63.863295221, 343, 422, 432, 342, 280, 288, 341, 248, 121, 150
70nic2, non-improving cycles, 90, 1845400.229590862, 26.968778674, 358, 404, 438, 353, 293, 305, 346, 257, 143, 158
71nic2, non-improving cycles, 92, 1950613.652529244, 22.40597964, 401, 476, 486, 388, 337, 348, 394, 287, 180, 168
72nic2, non-improving cycles, 94, 1845701.6436210973, 24.391552273, 289, 370, 365, 293, 227, 222, 270, 184, 68, 93
73nic2, non-improving cycles, 96, 1800777.5257368423, 25.615684475, 326, 370, 410, 321, 264, 284, 315, 230, 112, 134
74nic2, non-improving cycles, 98, 1915663.3420046077, 31.187651696, 336, 406, 444, 335, 275, 297, 349, 244, 116, 151
75nic2, non-improving cycles, 100, 1889526.7679447164, 51.321719786, 359, 429, 430, 350, 291, 271, 331, 229, 141, 131
76nic2, non-improving cycles, 104, 1857211.5515769287, 37.940504099, 337, 413, 404, 320, 269, 251, 295, 217, 119, 123
77nic2, non-improving cycles, 108, 1870436.4638866591, 38.831279917, 349, 432, 442, 360, 283, 312, 344, 264, 133, 145
78nic2, non-improving cycles, 112, 1917788.4660496246, 39.116939562, 374, 437, 412, 374, 311, 260, 319, 280, 148, 157
79nic2, non-improving cycles, 116, 1914822.0211469678, 49.864628634, 388, 457, 477, 388, 327, 348, 385, 297, 172, 175
80nic2, non-improving cycles, 120, 1829416.834853979, 72.351631933, 293, 365, 351, 293, 228, 224, 254, 201, 70, 105
81nic2, non-improving cycles, 124, 1854531.7867702926, 58.205186522, 303, 339, 379, 298, 234, 209, 288, 202, 77, 106
82nic2, non-improving cycles, 128, 1899291.6015321263, 57.110441952, 352, 410, 429, 317, 287, 285, 337, 225, 121, 108
83nic2, non-improving cycles, 132, 1817315.361810042, 55.385237694, 335, 409, 420, 330, 266, 289, 328, 229, 115, 128
84nic2, non-improving cycles, 136, 1900967.905942169, 79.624821239, 358, 431, 442, 296, 295, 291, 350, 200, 145, 97
85nic2, non-improving cycles, 140, 1893678.1564257033, 61.72003849, 346, 422, 435, 336, 285, 304, 339, 243, 106, 119
86nic2, non-improving cycles, 144, 1883199.6245947813, 82.85371119, 278, 299, 360, 277, 211, 228, 269, 180, 57, 68
87nic2, non-improving cycles, 148, 1823568.5279241013, 97.9137127, 327, 373, 414, 319, 264, 280, 320, 226, 112, 121
88nic2, non-improving cycles, 152, 1869327.8465296002, 45.164277385, 334, 401, 386, 316, 273, 257, 294, 224, 101, 126
89nic2, non-improving cycles, 156, 1877133.5280153472, 51.425041368, 341, 400, 409, 343, 267, 254, 316, 239, 117, 121
90nic2, non-improving cycles, 160, 1835790.6712817692, 54.92125902, 350, 412, 415, 345, 288, 273, 320, 252, 135, 159
91nic2, non-improving cycles, 164, 1871037.0928918547, 72.482837947, 353, 424, 424, 332, 292, 281, 328, 236, 124, 139
92nic2, non-improving cycles, 168, 1850914.8040768541, 52.061299306, 342, 381, 428, 328, 276, 275, 334, 237, 119, 140
93nic2, non-improving cycles, 172, 1855019.2104754373, 68.501459041, 316, 394, 381, 285, 255, 256, 286, 192, 96, 96
94nic2, non-improving cycles, 176, 1893919.0762277467, 53.046044942, 368, 443, 438, 366, 305, 228, 345, 269, 140, 136
95nic2, non-improving cycles, 180, 1853618.7932026715, 112.97999658, 342, 411, 430, 321, 274, 290, 332, 224, 122, 127
96nic2, non-improving cycles, 184, 1850424.0943796737, 57.893296047, 342, 408, 413, 317, 277, 287, 319, 226, 127, 109
97nic2, non-improving cycles, 188, 1813454.4029592942, 50.492670176, 319, 391, 400, 303, 257, 237, 307, 209, 106, 101
98nic2, non-improving cycles, 192, 1857938.8833612555, 47.250186747, 310, 395, 390, 316, 239, 244, 290, 222, 88, 109
99nic2, non-improving cycles, 196, 1870662.7399880681, 75.185225952, 354, 414, 415, 348, 292, 266, 319, 254, 126, 160
100nic2, non-improving cycles, 200, 1854124.1746949658, 119.880789747, 318, 376, 400, 296, 249, 235, 302, 195, 96, 104
1nic3, non-improving cycles, 1, 2038623.9931400653, 0.260821507, 404, 446, 462, 346, 337, 238, 369, 234, 186, 133
2nic3, non-improving cycles, 2, 1982866.054096628, 0.884063836, 385, 464, 486, 401, 312, 357, 394, 301, 159, 172
3nic3, non-improving cycles, 3, 2013427.5335848457, 0.564216952, 418, 457, 465, 408, 357, 319, 373, 308, 207, 201
4nic3, non-improving cycles, 4, 2037106.7031488265, 0.955609185, 297, 341, 334, 290, 236, 137, 235, 149, 83, 0
5nic3, non-improving cycles, 5, 2027378.673576175, 1.981571103, 422, 490, 477, 400, 349, 339, 379, 309, 191, 214
6nic3, non-improving cycles, 6, 1959979.04767411, 2.416368936, 380, 444, 454, 383, 310, 307, 337, 271, 143, 171
7nic3, non-improving cycles, 7, 1944389.5608224648, 3.595742178, 391, 459, 474, 394, 330, 314, 383, 290, 155, 192
8nic3, non-improving cycles, 8, 1953297.696690464, 2.903471337, 364, 439, 459, 338, 298, 281, 368, 246, 128, 126
9nic3, non-improving cycles, 9, 1994777.1385530627, 4.396781965, 289, 337, 374, 237, 224, 218, 276, 123, 72, 0
10nic3, non-improving cycles, 10, 1892706.6035728364, 4.966626335, 380, 446, 443, 365, 318, 296, 352, 271, 167, 178
11nic3, non-improving cycles, 11, 1992369.631170471, 3.926517857, 320, 391, 410, 317, 259, 279, 315, 214, 83, 0
12nic3, non-improving cycles, 12, 1931030.338583625, 8.005549718, 373, 459, 464, 392, 312, 333, 370, 300, 162, 202
13nic3, non-improving cycles, 13, 1905520.5982251666, 4.417315845, 369, 452, 466, 371, 308, 306, 375, 270, 152, 177
14nic3, non-improving cycles, 14, 1930805.3072563955, 10.779185823, 376, 446, 462, 338, 311, 312, 356, 246, 145, 143
15nic3, non-improving cycles, 15, 1940399.0391312907, 5.760584479, 341, 419, 446, 367, 280, 297, 343, 274, 114, 161
16nic3, non-improving cycles, 16, 1989885.2745979193, 3.826524458, 264, 341, 347, 241, 201, 91, 243, 146, 47, 0
17nic3, non-improving cycles, 17, 1850437.5368873463, 11.240684322, 358, 413, 439, 348, 297, 292, 343, 253, 147, 138
18nic3, non-improving cycles, 18, 1945686.5447762655, 6.707810559, 386, 462, 462, 386, 304, 322, 358, 288, 144, 190
19nic3, non-improving cycles, 19, 1862939.9986994308, 5.919903449, 305, 366, 347, 291, 244, 212, 245, 200, 94, 89
20nic3, non-improving cycles, 20, 1981438.3978207458, 7.345568659, 245, 316, 324, 217, 184, 152, 226, 126, 33, 0
21nic3, non-improving cycles, 21, 1873670.79625418, 7.932528572, 348, 429, 446, 361, 285, 320, 350, 269, 131, 143
22nic3, non-improving cycles, 22, 1927686.260604153, 6.319376043, 391, 459, 481, 394, 326, 350, 381, 297, 175, 195
23nic3, non-improving cycles, 23, 1986436.09699106, 7.257882566, 246, 325, 336, 247, 185, 208, 239, 156, 0, 63
24nic3, non-improving cycles, 24, 1926778.7940424322, 8.813040431, 372, 445, 419, 331, 305, 275, 322, 239, 151, 138
25nic3, non-improving cycles, 25, 1924056.6747730926, 9.147160602, 369, 450, 460, 352, 301, 325, 365, 258, 151, 107
26nic3, non-improving cycles, 26, 1983295.363702185, 7.592912241, 395, 466, 476, 351, 331, 334, 382, 250, 153, 155
27nic3, non-improving cycles, 27, 1887788.6687859679, 16.378594027, 337, 354, 408, 316, 266, 276, 311, 221, 113, 127
28nic3, non-improving cycles, 28, 1857519.7438345337, 10.443222495, 365, 438, 449, 346, 304, 326, 356, 253, 151, 134
29nic3, non-improving cycles, 29, 1848173.6192137818, 8.643484352, 350, 424, 432, 356, 289, 263, 340, 265, 131, 161
30nic3, non-improving cycles, 30, 1934181.2471235741, 22.380539842, 281, 350, 359, 280, 216, 225, 266, 168, 64, 0
31nic3, non-improving cycles, 31, 1900756.76045194, 15.859818199, 365, 403, 455, 363, 299, 333, 363, 272, 147, 134
32nic3, non-improving cycles, 32, 1857000.13186129, 14.211727574, 345, 410, 432, 314, 283, 310, 340, 216, 124, 124
33nic3, non-improving cycles, 33, 1945990.5982364896, 10.449000599, 385, 457, 478, 378, 320, 355, 386, 259, 170, 166
34nic3, non-improving cycles, 34, 1884319.3833876727, 9.529908702, 363, 436, 442, 344, 293, 284, 351, 248, 136, 132
35nic3, non-improving cycles, 35, 1911739.8047063597, 24.292443373, 380, 458, 466, 366, 313, 333, 370, 270, 150, 178
36nic3, non-improving cycles, 36, 2000412.5292381647, 9.17654706, 280, 350, 361, 238, 216, 199, 253, 147, 51, 0
37nic3, non-improving cycles, 37, 1883176.4090721856, 11.737943625, 340, 404, 425, 330, 249, 278, 325, 237, 99, 137
38nic3, non-improving cycles, 38, 1800132.2120560692, 20.623267772, 331, 407, 417, 326, 268, 273, 326, 234, 114, 131
39nic3, non-improving cycles, 39, 1878479.0262990366, 13.882700167, 361, 412, 406, 360, 296, 269, 313, 259, 141, 164
40nic3, non-improving cycles, 40, 1866104.1191153456, 18.798061063, 334, 393, 418, 335, 273, 270, 318, 239, 103, 103
41nic3, non-improving cycles, 41, 1836082.4589113123, 15.753031586, 334, 408, 424, 317, 267, 293, 333, 226, 115, 124
42nic3, non-improving cycles, 42, 1937842.0909136147, 15.351619845, 380, 449, 414, 363, 314, 279, 323, 272, 159, 146
43nic3, non-improving cycles, 43, 1895140.9364438588, 13.956562728, 372, 451, 467, 373, 307, 341, 372, 282, 156, 190
44nic3, non-improving cycles, 44, 1948085.17798562, 15.132780478, 319, 387, 403, 303, 258, 223, 301, 204, 102, 0
45nic3, non-improving cycles, 45, 1880582.6257188409, 16.347050989, 344, 423, 435, 351, 265, 303, 343, 251, 112, 135
46nic3, non-improving cycles, 46, 1875466.1163787404, 25.526795864, 349, 413, 426, 327, 276, 235, 334, 233, 122, 133
47nic3, non-improving cycles, 47, 1895443.2555103828, 22.951557878, 371, 426, 446, 360, 308, 284, 347, 260, 151, 153
48nic3, non-improving cycles, 48, 1803170.2158685187, 17.030144249, 323, 383, 406, 323, 259, 227, 315, 229, 105, 126
49nic3, non-improving cycles, 49, 1920855.7492692817, 23.067648278, 284, 350, 361, 284, 222, 235, 270, 173, 70, 0
50nic3, non-improving cycles, 50, 1903339.263556128, 14.169482629, 384, 429, 468, 378, 322, 329, 366, 280, 164, 189
51nic3, non-improving cycles, 52, 1833646.4674493412, 15.859478346, 334, 396, 416, 333, 272, 254, 319, 242, 107, 127
52nic3, non-improving cycles, 54, 1931585.182342181, 21.726514073, 379, 428, 465, 381, 316, 326, 369, 258, 161, 130
53nic3, non-improving cycles, 56, 1928259.0847211038, 25.480993772, 380, 458, 449, 363, 318, 303, 355, 266, 153, 150
54nic3, non-improving cycles, 58, 1939347.5765100059, 36.826522652, 299, 365, 362, 286, 238, 232, 265, 192, 87, 0
55nic3, non-improving cycles, 60, 1839604.0720021713, 23.167458412, 331, 389, 422, 322, 268, 293, 328, 228, 117, 123
56nic3, non-improving cycles, 62, 1891164.5263895406, 27.23868335, 305, 380, 420, 335, 244, 283, 324, 238, 89, 141
57nic3, non-improving cycles, 64, 1911718.4339701922, 19.033259943, 341, 378, 431, 306, 266, 289, 339, 212, 113, 120
58nic3, non-improving cycles, 66, 1831820.047740017, 19.533821591, 337, 407, 413, 339, 269, 282, 319, 240, 119, 133
59nic3, non-improving cycles, 68, 1945526.0669461135, 16.502520268, 385, 469, 479, 379, 323, 348, 386, 272, 167, 157
60nic3, non-improving cycles, 70, 1937460.1465049337, 29.339009622, 387, 448, 449, 361, 326, 320, 355, 254, 173, 157
61nic3, non-improving cycles, 72, 1833561.2915340466, 50.492507068, 337, 384, 421, 333, 275, 263, 328, 232, 125, 109
62nic3, non-improving cycles, 74, 1859534.2185417812, 29.134824141, 331, 378, 392, 308, 265, 269, 301, 211, 115, 116
63nic3, non-improving cycles, 76, 1947815.6333377198, 37.034435069, 367, 388, 449, 341, 292, 312, 354, 247, 118, 156
64nic3, non-improving cycles, 78, 1852694.63673126, 24.2432747, 328, 392, 415, 318, 266, 283, 322, 224, 92, 125
65nic3, non-improving cycles, 80, 1940654.1985897876, 24.987197175, 359, 425, 459, 376, 296, 327, 360, 283, 127, 161
66nic3, non-improving cycles, 82, 1914272.4371631085, 26.818620805, 358, 412, 409, 364, 296, 285, 315, 267, 127, 176
67nic3, non-improving cycles, 84, 1877320.2819453022, 34.850847899, 359, 426, 444, 350, 289, 312, 345, 257, 126, 145
68nic3, non-improving cycles, 86, 1872018.3147573613, 37.951878325, 359, 394, 441, 354, 292, 281, 344, 260, 132, 165
69nic3, non-improving cycles, 88, 1905709.6324551299, 34.166158603, 340, 410, 415, 290, 273, 266, 323, 195, 105, 102
70nic3, non-improving cycles, 90, 1850932.5985743753, 59.415885084, 336, 409, 412, 300, 273, 277, 313, 201, 122, 107
71nic3, non-improving cycles, 92, 1903566.433630523, 39.809252987, 382, 442, 461, 377, 321, 322, 361, 285, 168, 149
72nic3, non-improving cycles, 94, 1909115.243309727, 45.488022808, 305, 385, 406, 285, 240, 272, 315, 188, 79, 85
73nic3, non-improving cycles, 96, 1834711.3673481243, 27.536146213, 342, 411, 424, 337, 276, 285, 333, 244, 114, 138
74nic3, non-improving cycles, 98, 1862893.5914678061, 41.622108023, 311, 403, 410, 332, 244, 264, 319, 236, 91, 142
75nic3, non-improving cycles, 100, 1879535.4470125337, 28.137779468, 341, 324, 424, 338, 280, 286, 326, 247, 114, 150
76nic3, non-improving cycles, 104, 1897165.3230474, 58.781829021, 356, 425, 438, 292, 295, 285, 344, 197, 142, 105
77nic3, non-improving cycles, 108, 1889193.1956624698, 79.684128167, 353, 427, 436, 307, 286, 307, 341, 207, 129, 113
78nic3, non-improving cycles, 112, 1858459.905793988, 56.650398922, 348, 422, 432, 339, 279, 296, 337, 240, 118, 131
79nic3, non-improving cycles, 116, 1857290.947593142, 97.252860392, 322, 372, 415, 332, 260, 261, 311, 240, 101, 136
80nic3, non-improving cycles, 120, 1839603.6226212766, 84.262189404, 328, 395, 406, 328, 258, 267, 312, 230, 105, 104
81nic3, non-improving cycles, 124, 1887979.7764909333, 37.32852437, 373, 432, 445, 357, 312, 321, 352, 265, 160, 143
82nic3, non-improving cycles, 128, 1902302.817206041, 53.138885241, 330, 373, 364, 332, 262, 237, 273, 226, 112, 97
83nic3, non-improving cycles, 132, 1871818.2718140278, 66.5858477, 341, 388, 425, 296, 278, 265, 334, 202, 124, 100
84nic3, non-improving cycles, 136, 1847514.75680571, 102.547805352, 305, 371, 400, 311, 244, 256, 297, 216, 90, 99
85nic3, non-improving cycles, 140, 1836155.5802201563, 42.359232477, 347, 407, 398, 344, 283, 273, 306, 248, 133, 152
86nic3, non-improving cycles, 144, 1846930.6228133074, 88.044583145, 346, 421, 433, 316, 284, 307, 341, 218, 132, 118
87nic3, non-improving cycles, 148, 1916649.5921695165, 44.489004122, 386, 451, 464, 389, 325, 289, 357, 294, 172, 189
88nic3, non-improving cycles, 152, 1839337.6302895537, 68.999144532, 355, 421, 429, 355, 289, 281, 327, 259, 139, 167
89nic3, non-improving cycles, 156, 1840405.1453251909, 50.233378442, 335, 409, 420, 339, 274, 289, 329, 232, 109, 134
90nic3, non-improving cycles, 160, 1875687.6424751778, 100.387655482, 360, 434, 444, 355, 294, 310, 352, 254, 135, 119
91nic3, non-improving cycles, 164, 1873315.919936956, 45.914403381, 330, 402, 374, 301, 264, 241, 279, 208, 110, 105
92nic3, non-improving cycles, 168, 1896941.559518557, 46.769417653, 369, 435, 447, 363, 299, 317, 353, 266, 145, 129
93nic3, non-improving cycles, 172, 1830065.637127237, 148.440749843, 345, 419, 405, 345, 283, 265, 314, 245, 132, 128
94nic3, non-improving cycles, 176, 1850867.4838502915, 57.359448373, 341, 416, 416, 316, 273, 291, 324, 219, 116, 124
95nic3, non-improving cycles, 180, 1845048.6932959598, 85.819338831, 333, 356, 423, 336, 269, 251, 328, 242, 118, 144
96nic3, non-improving cycles, 184, 1868145.135825222, 70.98202118, 307, 369, 401, 307, 237, 257, 310, 203, 85, 96
97nic3, non-improving cycles, 188, 1879497.3676506798, 49.60782021, 341, 423, 436, 338, 269, 268, 340, 241, 118, 135
98nic3, non-improving cycles, 192, 1820274.2028093445, 101.253420441, 315, 389, 388, 309, 252, 229, 288, 214, 101, 102
99nic3, non-improving cycles, 196, 1886515.7191523288, 86.960378312, 382, 433, 465, 372, 318, 321, 372, 281, 166, 187
100nic3, non-improving cycles, 200, 1813216.095054295, 70.237201475, 341, 414, 416, 341, 278, 274, 324, 243, 128, 135
1nic4, non-improving cycles, 1, 2114204.327788952, 0.195965244, 239, 298, 288, 224, 178, 133, 194, 127, 7, 0
2nic4, non-improving cycles, 2, 2037032.0528823659, 0.922396859, 242, 314, 314, 223, 179, 183, 220, 132, 0, 32
3nic4, non-improving cycles, 3, 1987981.8894871084, 1.531062404, 411, 473, 495, 380, 339, 364, 404, 281, 189, 178
4nic4, non-improving cycles, 4, 1998270.9473890113, 1.882856916, 381, 478, 469, 402, 308, 304, 363, 303, 155, 208
5nic4, non-improving cycles, 5, 1984754.1903934355, 1.330944268, 384, 429, 411, 345, 320, 287, 320, 251, 163, 128
6nic4, non-improving cycles, 6, 1949887.103197005, 4.783711135, 361, 414, 445, 315, 278, 295, 344, 216, 118, 122
7nic4, non-improving cycles, 7, 2008306.3627778315, 3.335917529, 264, 329, 341, 228, 203, 172, 246, 106, 47, 0
8nic4, non-improving cycles, 8, 1982474.5002271526, 1.780513079, 273, 341, 364, 273, 210, 231, 269, 139, 55, 0
9nic4, non-improving cycles, 9, 2004378.7916274648, 2.531031873, 416, 472, 502, 417, 355, 359, 404, 299, 195, 185
10nic4, non-improving cycles, 10, 1950469.3619288495, 6.131155603, 373, 451, 464, 360, 310, 304, 363, 246, 146, 118
11nic4, non-improving cycles, 11, 1882829.8269283187, 3.36478534, 337, 413, 434, 348, 272, 284, 336, 255, 114, 118
12nic4, non-improving cycles, 12, 1983232.7576039266, 4.386184118, 413, 462, 479, 404, 351, 358, 388, 307, 193, 211
13nic4, non-improving cycles, 13, 1993585.9464881737, 9.197309304, 288, 365, 375, 266, 218, 218, 277, 170, 49, 0
14nic4, non-improving cycles, 14, 1942070.3828233613, 5.30615859, 282, 356, 365, 264, 215, 227, 273, 167, 56, 0
15nic4, non-improving cycles, 15, 1902012.9872506433, 4.422579192, 385, 460, 451, 387, 322, 328, 360, 296, 168, 175
16nic4, non-improving cycles, 16, 1869914.3991662108, 9.311436011, 365, 413, 450, 348, 302, 298, 343, 257, 151, 158
17nic4, non-improving cycles, 17, 1831249.3481867649, 6.270430286, 313, 390, 393, 316, 249, 255, 293, 225, 83, 127
18nic4, non-improving cycles, 18, 1931833.162723808, 5.979545392, 388, 446, 463, 370, 326, 330, 369, 271, 164, 166
19nic4, non-improving cycles, 19, 1920586.91939893, 5.814863559, 345, 389, 418, 352, 284, 256, 307, 251, 111, 151
20nic4, non-improving cycles, 20, 1942274.293046562, 8.021465336, 379, 436, 453, 367, 298, 321, 357, 272, 144, 144
21nic4, non-improving cycles, 21, 1922656.0067308159, 6.426330287, 358, 413, 441, 350, 286, 280, 319, 254, 115, 146
22nic4, non-improving cycles, 22, 1951452.5107401798, 11.821189874, 338, 425, 430, 300, 264, 207, 339, 193, 114, 91
23nic4, non-improving cycles, 23, 1968807.366185195, 10.376155897, 398, 471, 492, 406, 334, 347, 396, 314, 179, 190
24nic4, non-improving cycles, 24, 1888841.6644508496, 10.183332841, 352, 379, 438, 353, 273, 263, 347, 261, 118, 144
25nic4, non-improving cycles, 25, 1975681.1939840908, 8.358220025, 273, 346, 358, 238, 210, 194, 258, 117, 58, 0
26nic4, non-improving cycles, 26, 1917265.7434779028, 11.293858326, 369, 438, 466, 381, 306, 343, 375, 286, 136, 195
27nic4, non-improving cycles, 27, 1923717.4402201273, 13.484517535, 388, 463, 473, 385, 325, 295, 382, 289, 145, 198
28nic4, non-improving cycles, 28, 1945221.8358142523, 7.874162403, 396, 467, 483, 367, 334, 350, 386, 276, 182, 159
29nic4, non-improving cycles, 29, 1951777.5843950075, 7.470884498, 399, 476, 484, 378, 337, 329, 376, 280, 181, 187
30nic4, non-improving cycles, 30, 2000280.1040090078, 17.448353009, 249, 325, 320, 247, 174, 187, 229, 156, 0, 58
31nic4, non-improving cycles, 31, 1966495.713671555, 8.291812394, 380, 441, 436, 328, 316, 292, 339, 234, 146, 135
32nic4, non-improving cycles, 32, 1911871.4465342942, 12.333703825, 370, 434, 452, 365, 305, 324, 354, 238, 153, 114
33nic4, non-improving cycles, 33, 1934345.9144690698, 7.91338186, 349, 414, 430, 349, 288, 240, 334, 237, 82, 145
34nic4, non-improving cycles, 34, 1922704.4740028665, 8.315011183, 374, 456, 448, 380, 309, 305, 348, 284, 147, 163
35nic4, non-improving cycles, 35, 1953207.315121728, 10.315351084, 357, 433, 401, 298, 294, 268, 305, 197, 130, 105
36nic4, non-improving cycles, 36, 1911211.1620856095, 20.909832299, 270, 360, 387, 302, 207, 242, 286, 206, 53, 111
37nic4, non-improving cycles, 37, 1962187.5938662686, 16.820497854, 301, 383, 394, 277, 235, 254, 294, 183, 83, 0
38nic4, non-improving cycles, 38, 1870172.856341402, 11.777317901, 355, 427, 442, 345, 289, 305, 343, 253, 122, 156
39nic4, non-improving cycles, 39, 1863343.6521767927, 28.790269864, 313, 381, 415, 325, 247, 281, 319, 232, 91, 139
40nic4, non-improving cycles, 40, 1960318.4177904509, 34.60108635, 285, 346, 370, 285, 210, 208, 274, 186, 57, 0
41nic4, non-improving cycles, 41, 1966602.0662797238, 16.501595932, 355, 420, 460, 384, 290, 315, 363, 284, 136, 184
42nic4, non-improving cycles, 42, 1917333.3262769347, 21.055497439, 362, 398, 449, 356, 299, 292, 355, 254, 129, 126
43nic4, non-improving cycles, 43, 1940190.8723920204, 12.60662546, 394, 471, 451, 394, 329, 320, 360, 301, 169, 189
44nic4, non-improving cycles, 44, 1879408.3408153697, 21.594518317, 374, 447, 442, 376, 309, 298, 344, 281, 157, 178
45nic4, non-improving cycles, 45, 1858045.1851694465, 34.484084203, 332, 409, 427, 338, 270, 283, 335, 226, 116, 118
46nic4, non-improving cycles, 46, 1888872.646763091, 15.311052987, 348, 420, 443, 367, 287, 311, 348, 275, 132, 184
47nic4, non-improving cycles, 47, 1889847.3115846154, 12.878159032, 367, 436, 431, 365, 293, 279, 340, 258, 142, 147
48nic4, non-improving cycles, 48, 1864759.9378538358, 18.615606868, 347, 422, 441, 353, 285, 271, 338, 262, 123, 165
49nic4, non-improving cycles, 49, 1910231.973417325, 17.563642161, 376, 444, 468, 379, 315, 331, 371, 264, 162, 169
50nic4, non-improving cycles, 50, 1920569.1465303863, 24.331168289, 261, 336, 346, 253, 200, 205, 254, 148, 50, 0
51nic4, non-improving cycles, 52, 1928828.9115325306, 12.572095542, 346, 433, 450, 350, 285, 273, 359, 259, 109, 157
52nic4, non-improving cycles, 54, 1903634.3767238213, 23.800120806, 373, 448, 461, 369, 307, 334, 367, 273, 134, 181
53nic4, non-improving cycles, 56, 1873944.989789563, 15.695144111, 348, 410, 430, 354, 276, 306, 339, 262, 121, 144
54nic4, non-improving cycles, 58, 1857246.466437931, 15.36587783, 317, 361, 408, 322, 243, 268, 313, 224, 92, 121
55nic4, non-improving cycles, 60, 1808187.674125134, 39.581420513, 286, 365, 376, 280, 223, 244, 285, 185, 73, 93
56nic4, non-improving cycles, 62, 1918755.3622257696, 20.734777433, 349, 420, 448, 337, 282, 310, 356, 246, 123, 134
57nic4, non-improving cycles, 64, 1884844.6052574455, 22.766919808, 323, 402, 427, 344, 257, 292, 332, 246, 101, 142
58nic4, non-improving cycles, 66, 1884217.4647202725, 19.026696173, 361, 432, 418, 321, 298, 259, 325, 230, 145, 135
59nic4, non-improving cycles, 68, 1851380.4544679257, 63.872717197, 335, 378, 372, 337, 274, 243, 281, 245, 122, 143
60nic4, non-improving cycles, 70, 1819695.319215077, 76.759953659, 336, 390, 410, 337, 272, 276, 316, 239, 122, 143
61nic4, non-improving cycles, 72, 1832373.3728450974, 49.838758562, 329, 395, 424, 338, 265, 281, 332, 236, 115, 144
62nic4, non-improving cycles, 74, 1901520.0352368855, 19.218609443, 388, 464, 474, 386, 327, 319, 369, 289, 170, 198
63nic4, non-improving cycles, 76, 1927654.207466233, 18.079881687, 392, 465, 468, 391, 329, 302, 375, 291, 172, 164
64nic4, non-improving cycles, 78, 1853736.2855378417, 56.828380127, 342, 422, 430, 349, 274, 295, 336, 249, 121, 138
65nic4, non-improving cycles, 80, 1905371.8764080473, 40.863866536, 346, 425, 441, 305, 280, 312, 349, 214, 130, 105
66nic4, non-improving cycles, 82, 1855590.2860858166, 47.561750293, 320, 399, 410, 287, 256, 278, 318, 188, 103, 90
67nic4, non-improving cycles, 84, 1873448.259560549, 75.226584032, 352, 390, 444, 354, 286, 302, 350, 257, 132, 164
68nic4, non-improving cycles, 86, 1848878.3557295194, 52.150218051, 350, 421, 442, 354, 288, 288, 346, 261, 134, 156
69nic4, non-improving cycles, 88, 1888539.4137573577, 41.57934154, 367, 431, 447, 368, 304, 285, 347, 265, 142, 151
70nic4, non-improving cycles, 90, 1908952.1374447974, 30.913911543, 373, 417, 432, 357, 312, 306, 336, 266, 151, 162
71nic4, non-improving cycles, 92, 1859332.311319658, 29.134627111, 363, 428, 448, 349, 301, 306, 357, 258, 138, 158
72nic4, non-improving cycles, 94, 1847080.6203574706, 29.913395306, 340, 400, 431, 327, 278, 285, 339, 234, 126, 133
73nic4, non-improving cycles, 96, 1868842.9712419133, 51.554633458, 356, 404, 431, 354, 289, 280, 336, 251, 135, 143
74nic4, non-improving cycles, 98, 1826291.8227398028, 56.205379789, 313, 363, 386, 309, 252, 254, 290, 208, 94, 116
75nic4, non-improving cycles, 100, 1921816.0259770767, 28.71007422, 361, 420, 391, 347, 295, 243, 292, 256, 134, 148
76nic4, non-improving cycles, 104, 1855177.191280757, 81.550383625, 354, 429, 430, 356, 290, 292, 337, 265, 129, 148
77nic4, non-improving cycles, 108, 1859571.863522532, 73.416271905, 338, 417, 429, 352, 273, 301, 334, 259, 121, 158
78nic4, non-improving cycles, 112, 1894429.7541146479, 45.481848766, 363, 438, 432, 363, 280, 299, 341, 270, 124, 144
79nic4, non-improving cycles, 116, 1943317.0853702438, 46.046878504, 374, 459, 469, 383, 308, 321, 377, 287, 128, 184
80nic4, non-improving cycles, 120, 1879862.9851773283, 39.34451974, 354, 422, 430, 341, 292, 278, 335, 249, 136, 98
81nic4, non-improving cycles, 124, 1850612.419370716, 60.576342855, 335, 387, 412, 330, 270, 254, 304, 230, 117, 124
82nic4, non-improving cycles, 128, 1941126.5664293696, 65.352801035, 380, 446, 463, 351, 315, 300, 370, 258, 146, 125
83nic4, non-improving cycles, 132, 1906048.100071365, 57.701980743, 385, 457, 469, 367, 320, 309, 377, 276, 168, 150
84nic4, non-improving cycles, 136, 1885816.4855273026, 57.649409338, 354, 432, 427, 347, 280, 244, 333, 255, 118, 154
85nic4, non-improving cycles, 140, 1869036.5539872863, 46.12578623, 312, 377, 358, 286, 249, 222, 263, 192, 98, 78
86nic4, non-improving cycles, 144, 1910062.2723859139, 41.31536148, 355, 442, 424, 367, 292, 280, 328, 275, 141, 120
87nic4, non-improving cycles, 148, 1893241.8572477913, 67.925892551, 371, 422, 433, 371, 309, 267, 322, 270, 158, 174
88nic4, non-improving cycles, 152, 1858419.5884212158, 72.306312131, 297, 352, 369, 274, 233, 237, 269, 180, 80, 86
89nic4, non-improving cycles, 156, 1892646.1612370266, 68.004463484, 348, 422, 410, 348, 287, 267, 307, 241, 122, 96
90nic4, non-improving cycles, 160, 1841095.3329255816, 108.428606618, 336, 418, 400, 343, 266, 257, 308, 252, 116, 158
91nic4, non-improving cycles, 164, 1828417.872263304, 78.962913209, 345, 412, 425, 344, 282, 287, 328, 238, 128, 143
92nic4, non-improving cycles, 168, 1867839.3154413155, 99.655069805, 351, 416, 432, 321, 288, 284, 327, 230, 128, 131
93nic4, non-improving cycles, 172, 1848894.9334792476, 66.327784442, 318, 401, 371, 322, 256, 245, 275, 224, 103, 131
94nic4, non-improving cycles, 176, 1826322.6543322362, 78.449380395, 321, 394, 378, 302, 259, 251, 287, 205, 104, 109
95nic4, non-improving cycles, 180, 1875256.5993983317, 61.547772446, 351, 403, 423, 347, 282, 281, 330, 246, 119, 147
96nic4, non-improving cycles, 184, 1888833.7358817984, 105.522953215, 375, 445, 443, 362, 307, 319, 350, 267, 155, 171
97nic4, non-improving cycles, 188, 1860796.2364559658, 72.529167286, 348, 402, 436, 342, 286, 290, 345, 244, 119, 150
98nic4, non-improving cycles, 192, 1853176.9360617115, 52.204146898, 337, 394, 395, 335, 266, 266, 303, 242, 114, 133
99nic4, non-improving cycles, 196, 1889499.1146736937, 102.542148844, 329, 398, 399, 296, 263, 260, 307, 202, 88, 111
100nic4, non-improving cycles, 200, 1850254.087266602, 52.884841259, 307, 398, 413, 326, 244, 256, 321, 234, 90, 133
1nic5, non-improving cycles, 1, 2249333.045791641, 0.272631391, 320, 325, 405, 237, 241, 241, 312, 130, 30, 0
2nic5, non-improving cycles, 2, 2061784.5148389586, 0.523486885, 273, 335, 370, 285, 199, 226, 275, 181, 29, 0
3nic5, non-improving cycles, 3, 1997525.9724141478, 0.978483513, 329, 399, 409, 278, 259, 271, 317, 179, 100, 0
4nic5, non-improving cycles, 4, 1911083.3145094765, 1.928026053, 341, 419, 426, 328, 279, 296, 332, 199, 107, 90
5nic5, non-improving cycles, 5, 1982164.8417702394, 2.310370032, 251, 317, 307, 247, 190, 183, 215, 134, 40, 0
6nic5, non-improving cycles, 6, 1996738.577827564, 1.530306957, 284, 325, 356, 270, 223, 182, 264, 171, 55, 0
7nic5, non-improving cycles, 7, 1935629.8647292964, 5.307443601, 335, 410, 409, 328, 263, 236, 314, 235, 84, 76
8nic5, non-improving cycles, 8, 1937853.8128731023, 3.17605476, 390, 472, 485, 394, 327, 351, 394, 292, 176, 201
9nic5, non-improving cycles, 9, 1976216.747052973, 3.857530573, 302, 377, 371, 250, 236, 218, 262, 158, 85, 0
10nic5, non-improving cycles, 10, 1998359.3923690328, 3.056041139, 283, 348, 367, 231, 209, 172, 275, 140, 55, 0
11nic5, non-improving cycles, 11, 1970648.7294884853, 4.323664841, 270, 331, 352, 238, 206, 225, 260, 128, 51, 0
12nic5, non-improving cycles, 12, 1946849.9931957303, 5.014943832, 402, 466, 476, 387, 341, 329, 382, 293, 184, 196
13nic5, non-improving cycles, 13, 2004583.3207401005, 4.523271704, 259, 332, 354, 244, 198, 216, 256, 143, 40, 0
14nic5, non-improving cycles, 14, 1902560.8900870774, 5.991685333, 342, 415, 394, 330, 274, 266, 302, 231, 96, 130
15nic5, non-improving cycles, 15, 1946663.997146869, 8.599926956, 387, 452, 468, 348, 316, 339, 377, 252, 166, 129
16nic5, non-improving cycles, 16, 1940573.007451523, 5.666813838, 270, 322, 348, 263, 209, 183, 255, 170, 56, 0
17nic5, non-improving cycles, 17, 1869583.7424983007, 5.306413813, 352, 419, 441, 358, 283, 305, 341, 263, 130, 149
18nic5, non-improving cycles, 18, 1900719.2780192988, 12.417242931, 373, 442, 458, 355, 304, 329, 367, 263, 134, 169
19nic5, non-improving cycles, 19, 1920533.8516802974, 7.642084404, 345, 351, 410, 333, 277, 243, 310, 237, 109, 145
20nic5, non-improving cycles, 20, 1897704.7428394174, 6.106209794, 347, 415, 441, 330, 285, 291, 347, 238, 115, 145
21nic5, non-improving cycles, 21, 1934187.236491213, 7.336677061, 294, 360, 369, 259, 233, 221, 278, 160, 82, 0
22nic5, non-improving cycles, 22, 1986144.984602431, 11.463621058, 270, 325, 363, 271, 209, 226, 272, 173, 44, 0
23nic5, non-improving cycles, 23, 1897957.6983848964, 21.553075466, 368, 436, 432, 368, 307, 305, 335, 270, 132, 166
24nic5, non-improving cycles, 24, 1960586.054194016, 6.337848563, 325, 407, 441, 352, 259, 282, 338, 257, 91, 146
25nic5, non-improving cycles, 25, 1953242.8580861462, 8.35372608, 343, 429, 449, 346, 282, 265, 342, 252, 104, 156
26nic5, non-improving cycles, 26, 1903809.9331144094, 13.214278838, 372, 436, 446, 363, 311, 306, 343, 264, 143, 158
27nic5, non-improving cycles, 27, 1929969.7308092455, 14.406544288, 379, 455, 465, 368, 313, 335, 366, 240, 156, 137
28nic5, non-improving cycles, 28, 1872785.2094177236, 11.202920284, 364, 439, 449, 370, 295, 313, 358, 275, 145, 170
29nic5, non-improving cycles, 29, 1975815.0740107866, 9.378135014, 406, 480, 489, 402, 336, 296, 397, 308, 178, 167
30nic5, non-improving cycles, 30, 1859298.7339944174, 14.009084711, 322, 387, 375, 315, 257, 250, 281, 221, 93, 110
31nic5, non-improving cycles, 31, 1889171.5846962943, 14.2987279, 358, 416, 441, 347, 287, 266, 340, 256, 134, 119
32nic5, non-improving cycles, 32, 1968744.0512254627, 11.635376288, 404, 462, 478, 380, 343, 326, 386, 279, 190, 169
33nic5, non-improving cycles, 33, 1874140.1881284853, 15.875681131, 363, 419, 452, 362, 297, 309, 361, 268, 143, 156
34nic5, non-improving cycles, 34, 1907031.7443213812, 10.067101402, 386, 463, 469, 389, 318, 335, 376, 297, 166, 186
35nic5, non-improving cycles, 35, 1952003.929963342, 15.388881223, 393, 467, 460, 394, 323, 309, 345, 303, 171, 164
36nic5, non-improving cycles, 36, 1944495.250550459, 13.537220498, 366, 438, 459, 350, 292, 329, 368, 256, 126, 143
37nic5, non-improving cycles, 37, 1897418.733482624, 18.044451133, 344, 423, 446, 330, 282, 276, 355, 234, 132, 132
38nic5, non-improving cycles, 38, 1970404.4874473903, 20.126336025, 385, 450, 425, 381, 317, 282, 327, 281, 146, 154
39nic5, non-improving cycles, 39, 1946875.33773121, 15.526146182, 354, 427, 459, 356, 286, 328, 365, 260, 122, 166
40nic5, non-improving cycles, 40, 1959581.7685140804, 14.496470363, 378, 449, 456, 361, 314, 288, 365, 262, 119, 155
41nic5, non-improving cycles, 41, 1927735.2310041743, 19.338784721, 370, 443, 427, 361, 305, 267, 304, 253, 147, 148
42nic5, non-improving cycles, 42, 1917125.146276054, 15.493797779, 333, 395, 423, 304, 272, 285, 324, 209, 99, 81
43nic5, non-improving cycles, 43, 1902294.09363042, 15.440071306, 384, 454, 444, 367, 322, 308, 353, 275, 168, 174
44nic5, non-improving cycles, 44, 1933319.092062781, 14.55154403, 392, 464, 477, 372, 324, 293, 364, 280, 168, 186
45nic5, non-improving cycles, 45, 1862550.1452961164, 18.36518442, 357, 432, 441, 337, 283, 281, 346, 244, 131, 144
46nic5, non-improving cycles, 46, 1918229.4587050052, 17.169431453, 344, 402, 426, 365, 281, 290, 335, 268, 130, 161
47nic5, non-improving cycles, 47, 1880520.065812774, 13.494561644, 370, 432, 438, 370, 308, 314, 344, 279, 141, 176
48nic5, non-improving cycles, 48, 1835029.2731176727, 22.738271109, 310, 361, 384, 308, 241, 224, 293, 213, 85, 114
49nic5, non-improving cycles, 49, 1953325.511864872, 22.966107957, 277, 342, 356, 258, 213, 211, 259, 163, 58, 0
50nic5, non-improving cycles, 50, 1888243.324566206, 37.847066131, 366, 424, 438, 352, 301, 306, 342, 251, 147, 143
51nic5, non-improving cycles, 52, 1808436.8500622031, 18.384857831, 317, 370, 403, 317, 255, 261, 310, 221, 101, 111
52nic5, non-improving cycles, 54, 1900579.6804146096, 22.386684168, 385, 457, 460, 376, 319, 319, 369, 282, 163, 186
53nic5, non-improving cycles, 56, 1814346.2587180734, 36.392899919, 319, 369, 404, 312, 255, 256, 313, 216, 100, 116
54nic5, non-improving cycles, 58, 1952480.1425952243, 14.800221261, 385, 432, 468, 343, 320, 314, 375, 251, 153, 152
55nic5, non-improving cycles, 60, 1839524.7346101943, 26.844641777, 321, 396, 376, 314, 250, 220, 283, 223, 98, 116
56nic5, non-improving cycles, 62, 1855752.513679141, 36.694490912, 341, 422, 431, 332, 270, 289, 337, 237, 120, 125
57nic5, non-improving cycles, 64, 1919984.3839675204, 28.4595244, 276, 338, 343, 255, 209, 205, 252, 148, 55, 51
58nic5, non-improving cycles, 66, 1887066.7215447908, 24.875110613, 359, 424, 435, 364, 288, 293, 335, 272, 135, 161
59nic5, non-improving cycles, 68, 1872808.577929751, 27.492215369, 346, 407, 413, 347, 285, 263, 320, 237, 115, 143
60nic5, non-improving cycles, 70, 1964451.8277825662, 24.453610335, 392, 474, 487, 379, 330, 315, 382, 286, 174, 187
61nic5, non-improving cycles, 72, 1881125.0493697918, 30.76052591, 348, 401, 413, 346, 287, 254, 312, 219, 134, 122
62nic5, non-improving cycles, 74, 1934636.8063399345, 33.41606804, 355, 434, 444, 323, 284, 320, 350, 225, 115, 102
63nic5, non-improving cycles, 76, 1868024.1204994323, 18.675345284, 365, 411, 427, 365, 303, 300, 336, 264, 153, 159
64nic5, non-improving cycles, 78, 1841753.2312265309, 31.290325893, 352, 412, 434, 337, 288, 295, 342, 237, 136, 145
65nic5, non-improving cycles, 80, 1851362.2933185995, 74.241294276, 340, 394, 425, 339, 268, 296, 331, 236, 115, 119
66nic5, non-improving cycles, 82, 1866759.0933313775, 26.001976982, 347, 400, 410, 344, 286, 231, 317, 250, 126, 127
67nic5, non-improving cycles, 84, 1945600.772765012, 33.962771123, 281, 355, 335, 279, 218, 211, 243, 168, 66, 0
68nic5, non-improving cycles, 86, 1894462.657511995, 32.777681957, 368, 431, 450, 368, 307, 318, 358, 273, 123, 167
69nic5, non-improving cycles, 88, 1899034.4510413506, 49.722560696, 354, 430, 432, 328, 283, 293, 340, 233, 112, 136
70nic5, non-improving cycles, 90, 1834861.8053148584, 36.210104402, 346, 406, 427, 346, 281, 267, 335, 252, 117, 161
71nic5, non-improving cycles, 92, 1875638.4936110275, 37.272712458, 327, 414, 409, 308, 266, 245, 299, 213, 115, 119
72nic5, non-improving cycles, 94, 1913458.1299334727, 41.125155984, 336, 429, 436, 342, 275, 281, 341, 244, 109, 121
73nic5, non-improving cycles, 96, 1838967.425515667, 29.566012423, 281, 374, 380, 293, 219, 239, 283, 202, 69, 111
74nic5, non-improving cycles, 98, 1880009.7477236204, 27.479118198, 356, 437, 447, 368, 295, 316, 348, 261, 142, 170
75nic5, non-improving cycles, 100, 1851865.5443875035, 43.864852772, 336, 418, 432, 328, 274, 274, 337, 236, 122, 129
76nic5, non-improving cycles, 104, 1918317.9702314818, 88.356899501, 355, 430, 419, 337, 290, 251, 322, 219, 120, 110
77nic5, non-improving cycles, 108, 1862336.0835351045, 63.389254951, 351, 419, 400, 326, 290, 270, 305, 233, 139, 128
78nic5, non-improving cycles, 112, 1874965.0330101135, 57.260411009, 348, 408, 428, 344, 283, 289, 335, 249, 105, 145
79nic5, non-improving cycles, 116, 1833982.6221829015, 65.866596346, 348, 427, 432, 353, 287, 305, 340, 256, 129, 161
80nic5, non-improving cycles, 120, 1895774.9968154258, 36.158995257, 356, 427, 454, 366, 285, 315, 362, 273, 129, 179
81nic5, non-improving cycles, 124, 1850272.9875354634, 108.429570459, 341, 372, 428, 333, 275, 273, 336, 241, 125, 128
82nic5, non-improving cycles, 128, 1860087.2550499048, 55.716638865, 364, 437, 442, 356, 298, 303, 339, 265, 146, 160
83nic5, non-improving cycles, 132, 1847621.1356559242, 67.099034073, 314, 357, 399, 279, 251, 265, 307, 184, 100, 89
84nic5, non-improving cycles, 136, 1892744.532900149, 60.199118335, 353, 429, 428, 347, 292, 277, 337, 249, 113, 126
85nic5, non-improving cycles, 140, 1841853.2435547793, 47.813662832, 329, 399, 414, 304, 267, 279, 322, 212, 101, 104
86nic5, non-improving cycles, 144, 1869117.1909088301, 35.495627599, 314, 385, 359, 323, 252, 213, 267, 230, 97, 123
