1nic1, non-improving cycles, 1, 2428292.2788689816, 1.071603439, 19, 212, 0, 194, 205, 358, 155, 352, 298, 541
2nic1, non-improving cycles, 2, 2549644.201224421, 1.003051263, 0, 248, 7, 308, 225, 380, 130, 371, 322, 572
3nic1, non-improving cycles, 3, 2402032.242625189, 0.589064579, 6, 232, 0, 217, 184, 352, 143, 349, 277, 534
4nic1, non-improving cycles, 4, 2454105.906365299, 0.821744956, 0, 206, 38, 243, 185, 336, 213, 304, 285, 522
5nic1, non-improving cycles, 5, 2370205.370170801, 0.722785456, 0, 184, 80, 283, 161, 324, 222, 330, 253, 516
6nic1, non-improving cycles, 6, 2387517.667570486, 0.781473139, 18, 173, 0, 198, 174, 320, 139, 321, 271, 521
7nic1, non-improving cycles, 7, 2476122.7189550214, 1.261625979, 0, 122, 62, 285, 203, 325, 224, 353, 298, 525
8nic1, non-improving cycles, 8, 2298408.975959393, 0.803945379, 0, 193, 90, 296, 160, 317, 263, 318, 251, 501
9nic1, non-improving cycles, 9, 2374585.559804265, 1.880265356, 6, 201, 0, 168, 179, 328, 130, 348, 279, 515
10nic1, non-improving cycles, 10, 2330258.2360063456, 0.747129315, 0, 176, 1, 242, 162, 312, 203, 323, 256, 493
11nic1, non-improving cycles, 11, 2356048.118389159, 1.699365113, 0, 174, 2, 164, 162, 276, 129, 309, 253, 484
12nic1, non-improving cycles, 12, 2395778.200608201, 1.272049894, 0, 201, 100, 333, 181, 347, 232, 354, 282, 534
13nic1, non-improving cycles, 13, 2342475.28780481, 2.387853929, 0, 96, 79, 262, 154, 273, 216, 316, 247, 461
14nic1, non-improving cycles, 14, 2454367.932179313, 1.505137538, 40, 150, 0, 186, 200, 298, 147, 351, 294, 493
15nic1, non-improving cycles, 15, 2340640.3841881836, 1.481617, 0, 212, 29, 234, 169, 325, 174, 335, 263, 506
16nic1, non-improving cycles, 16, 2359347.3006248395, 1.835835764, 0, 221, 39, 234, 175, 336, 188, 332, 266, 521
17nic1, non-improving cycles, 17, 2377783.9675664534, 3.085819077, 0, 202, 112, 291, 174, 338, 257, 346, 266, 524
18nic1, non-improving cycles, 18, 2330420.740654127, 2.507418999, 0, 157, 53, 236, 163, 309, 206, 308, 255, 505
19nic1, non-improving cycles, 19, 2306041.8928717845, 3.712355326, 0, 170, 52, 222, 153, 299, 182, 304, 246, 492
20nic1, non-improving cycles, 20, 2307972.310626305, 6.202345994, 0, 188, 148, 307, 163, 326, 270, 324, 254, 507
21nic1, non-improving cycles, 21, 2388416.228801164, 3.736259325, 0, 132, 1, 183, 170, 301, 134, 304, 261, 485
22nic1, non-improving cycles, 22, 2333464.9597168476, 2.514966846, 0, 173, 57, 219, 151, 314, 179, 276, 244, 496
23nic1, non-improving cycles, 23, 2328801.0877149296, 2.610958837, 0, 192, 16, 225, 151, 310, 171, 314, 252, 498
24nic1, non-improving cycles, 24, 2322321.0629242193, 4.033480087, 4, 129, 0, 238, 155, 310, 148, 312, 248, 491
25nic1, non-improving cycles, 25, 2369559.1457046643, 2.625256217, 0, 161, 13, 238, 174, 324, 187, 340, 270, 513
26nic1, non-improving cycles, 26, 2314735.367941418, 4.123140359, 0, 202, 34, 226, 160, 314, 188, 307, 252, 502
27nic1, non-improving cycles, 27, 2363481.470738234, 5.093857723, 10, 183, 0, 169, 164, 285, 125, 299, 255, 468
28nic1, non-improving cycles, 28, 2372805.42246711, 3.295799902, 0, 200, 23, 226, 156, 309, 144, 330, 262, 514
29nic1, non-improving cycles, 29, 2355944.831648214, 3.635459587, 0, 177, 104, 278, 176, 321, 231, 323, 267, 513
30nic1, non-improving cycles, 30, 2345072.850370064, 5.919010378, 0, 226, 48, 246, 158, 330, 193, 315, 259, 512
31nic1, non-improving cycles, 31, 2309696.595637002, 4.238844093, 0, 162, 57, 231, 157, 313, 182, 302, 249, 497
32nic1, non-improving cycles, 32, 2355902.6775238635, 4.051601136, 26, 214, 0, 189, 182, 336, 143, 345, 275, 517
33nic1, non-improving cycles, 33, 2359567.6727967826, 5.648101389, 0, 108, 27, 237, 158, 316, 194, 319, 259, 506
34nic1, non-improving cycles, 34, 2328823.050490685, 4.922360268, 0, 180, 25, 227, 151, 281, 168, 292, 243, 487
35nic1, non-improving cycles, 35, 2389926.9888947364, 3.624543994, 0, 179, 79, 245, 176, 286, 203, 324, 270, 467
36nic1, non-improving cycles, 36, 2332963.347008565, 9.025761326, 0, 124, 65, 237, 152, 270, 194, 317, 248, 465
37nic1, non-improving cycles, 37, 2381546.471136808, 4.726843496, 13, 75, 0, 249, 172, 333, 136, 332, 266, 518
38nic1, non-improving cycles, 38, 2313775.217625443, 4.838363836, 0, 154, 115, 282, 154, 314, 240, 321, 252, 499
39nic1, non-improving cycles, 39, 2362153.6394936997, 4.847610737, 0, 147, 12, 265, 153, 288, 204, 322, 244, 469
40nic1, non-improving cycles, 40, 2338175.757070509, 5.357870558, 0, 139, 89, 272, 164, 304, 220, 328, 258, 497
41nic1, non-improving cycles, 41, 2318411.1815390154, 5.908312418, 0, 166, 28, 235, 165, 315, 202, 323, 256, 505
42nic1, non-improving cycles, 42, 2347817.0483688167, 8.21869002, 0, 196, 77, 239, 158, 324, 203, 298, 259, 507
43nic1, non-improving cycles, 43, 2362588.2266951744, 4.823190038, 0, 161, 35, 266, 160, 277, 212, 313, 253, 458
44nic1, non-improving cycles, 44, 2358640.260218982, 4.591543639, 0, 127, 38, 233, 160, 310, 203, 324, 261, 511
45nic1, non-improving cycles, 45, 2309096.8344380814, 10.073730897, 0, 191, 95, 274, 157, 300, 218, 311, 249, 486
46nic1, non-improving cycles, 46, 2362653.906969221, 9.194652844, 0, 142, 58, 231, 179, 328, 183, 331, 270, 516
47nic1, non-improving cycles, 47, 2358221.408974789, 4.299993114, 0, 168, 58, 244, 168, 313, 214, 311, 263, 502
48nic1, non-improving cycles, 48, 2328889.9256815217, 4.980064787, 0, 194, 40, 239, 168, 307, 192, 330, 260, 491
49nic1, non-improving cycles, 49, 2342411.260405636, 4.88519254, 0, 56, 35, 221, 153, 294, 163, 317, 248, 475
50nic1, non-improving cycles, 50, 2315393.9219843093, 11.424869258, 0, 132, 50, 221, 161, 313, 174, 315, 252, 495
51nic1, non-improving cycles, 52, 2308265.194563493, 7.270682929, 0, 151, 77, 281, 151, 298, 209, 297, 242, 484
52nic1, non-improving cycles, 54, 2360693.777116946, 5.059851095, 0, 167, 58, 250, 166, 274, 185, 328, 260, 475
53nic1, non-improving cycles, 56, 2329653.836439351, 5.857968351, 0, 122, 54, 241, 152, 304, 188, 322, 253, 490
54nic1, non-improving cycles, 58, 2310042.4433676507, 6.556185959, 0, 140, 20, 178, 152, 301, 145, 313, 245, 486
55nic1, non-improving cycles, 60, 2368275.708473975, 5.310541065, 0, 176, 20, 220, 168, 284, 170, 331, 262, 469
56nic1, non-improving cycles, 62, 2344648.817501245, 7.854524708, 19, 220, 0, 156, 176, 332, 123, 331, 272, 518
57nic1, non-improving cycles, 64, 2301085.909795781, 15.942861379, 0, 211, 64, 243, 157, 318, 207, 315, 253, 502
58nic1, non-improving cycles, 66, 2325405.209725127, 10.768375861, 0, 165, 13, 207, 164, 316, 177, 319, 255, 499
59nic1, non-improving cycles, 68, 2312265.3334285375, 10.413276846, 0, 182, 37, 234, 153, 299, 196, 308, 248, 481
60nic1, non-improving cycles, 70, 2329064.525487954, 12.331402258, 0, 178, 28, 231, 157, 297, 200, 322, 254, 488
61nic1, non-improving cycles, 72, 2299636.0874479366, 29.985311008, 0, 145, 110, 288, 157, 317, 249, 311, 248, 498
62nic1, non-improving cycles, 74, 2340965.977021727, 11.013017351, 0, 165, 86, 242, 157, 317, 212, 306, 258, 506
63nic1, non-improving cycles, 76, 2303622.331942554, 8.695318127, 0, 178, 63, 246, 161, 324, 214, 324, 256, 506
64nic1, non-improving cycles, 78, 2305103.794995223, 9.826924569, 0, 177, 32, 227, 154, 301, 195, 300, 245, 492
65nic1, non-improving cycles, 80, 2349363.4692792282, 18.108191963, 0, 108, 43, 221, 151, 249, 179, 313, 244, 441
66nic1, non-improving cycles, 82, 2297338.7345604524, 9.422674601, 0, 181, 76, 237, 158, 291, 205, 318, 249, 477
67nic1, non-improving cycles, 84, 2322112.302760416, 14.838847975, 0, 192, 147, 311, 162, 323, 271, 326, 260, 505
68nic1, non-improving cycles, 86, 2317004.5457684146, 14.37945209, 0, 180, 60, 224, 155, 292, 193, 322, 252, 475
69nic1, non-improving cycles, 88, 2321200.0253199562, 10.238989957, 0, 196, 54, 233, 165, 323, 194, 327, 258, 510
70nic1, non-improving cycles, 90, 2330895.1646908186, 15.22766265, 0, 156, 40, 239, 158, 306, 195, 324, 256, 490
71nic1, non-improving cycles, 92, 2358394.975921271, 9.560007041, 0, 189, 24, 237, 170, 299, 158, 329, 263, 481
72nic1, non-improving cycles, 94, 2322024.22077254, 18.394322862, 0, 195, 62, 236, 169, 315, 189, 325, 260, 510
73nic1, non-improving cycles, 96, 2300606.5586491777, 19.21904676, 0, 78, 54, 233, 152, 301, 182, 313, 243, 492
74nic1, non-improving cycles, 98, 2326547.987050846, 19.760711681, 0, 180, 16, 223, 160, 321, 173, 317, 253, 505
75nic1, non-improving cycles, 100, 2299532.0351682836, 20.66586525, 0, 205, 72, 266, 154, 308, 217, 315, 248, 490
76nic1, non-improving cycles, 104, 2309109.8278272324, 13.240569774, 0, 154, 54, 229, 154, 281, 198, 309, 245, 467
77nic1, non-improving cycles, 108, 2321461.662181651, 14.558531637, 0, 150, 2, 221, 160, 319, 191, 319, 253, 503
78nic1, non-improving cycles, 112, 2311215.8950084085, 16.343399915, 0, 176, 83, 260, 156, 308, 218, 309, 249, 496
79nic1, non-improving cycles, 116, 2311441.0041127373, 25.572124049, 2, 190, 0, 196, 154, 306, 121, 317, 249, 495
80nic1, non-improving cycles, 120, 2289901.661254251, 36.986677494, 0, 195, 49, 297, 151, 313, 202, 313, 242, 494
81nic1, non-improving cycles, 124, 2290305.327132718, 23.643858292, 0, 168, 51, 219, 154, 296, 180, 315, 245, 483
82nic1, non-improving cycles, 128, 2318718.230341891, 13.132087214, 0, 179, 77, 262, 165, 319, 223, 320, 256, 503
83nic1, non-improving cycles, 132, 2306787.4025683533, 16.837766544, 0, 141, 22, 214, 152, 299, 180, 307, 244, 489
84nic1, non-improving cycles, 136, 2297843.253861091, 27.83224371, 0, 168, 41, 234, 159, 316, 200, 314, 250, 498
85nic1, non-improving cycles, 140, 2328300.085974467, 20.627352765, 0, 143, 109, 285, 159, 311, 248, 312, 252, 503
86nic1, non-improving cycles, 144, 2336936.2077296665, 13.236493725, 0, 177, 29, 238, 157, 292, 207, 303, 251, 476
87nic1, non-improving cycles, 148, 2324173.0508174896, 26.707536182, 0, 209, 35, 236, 151, 318, 178, 296, 249, 500
88nic1, non-improving cycles, 152, 2303789.876369647, 21.178758331, 0, 193, 4, 227, 154, 298, 197, 308, 245, 493
89nic1, non-improving cycles, 156, 2339235.1023003254, 13.246949003, 0, 227, 73, 251, 175, 330, 214, 326, 268, 514
90nic1, non-improving cycles, 160, 2293024.425453998, 30.485132729, 0, 153, 121, 291, 151, 302, 259, 306, 243, 483
91nic1, non-improving cycles, 164, 2301055.701576527, 20.076067169, 0, 151, 59, 222, 152, 295, 192, 308, 245, 491
92nic1, non-improving cycles, 168, 2284175.351883593, 36.454504487, 0, 199, 76, 232, 158, 316, 198, 316, 250, 499
93nic1, non-improving cycles, 172, 2319938.3354693498, 20.225096791, 10, 194, 0, 180, 168, 319, 136, 328, 259, 507
94nic1, non-improving cycles, 176, 2322805.3071976034, 23.18994959, 0, 153, 53, 238, 165, 306, 202, 321, 256, 506
95nic1, non-improving cycles, 180, 2306826.747525259, 26.476652974, 2, 191, 0, 155, 166, 315, 121, 324, 258, 505
96nic1, non-improving cycles, 184, 2303436.8050166876, 46.190352318, 0, 162, 53, 227, 156, 316, 190, 302, 248, 497
97nic1, non-improving cycles, 188, 2309052.7929939064, 34.526721332, 0, 166, 23, 233, 152, 303, 170, 299, 244, 491
98nic1, non-improving cycles, 192, 2313975.0007419507, 25.377101506, 0, 156, 79, 240, 165, 317, 207, 326, 258, 500
99nic1, non-improving cycles, 196, 2286404.0497185877, 46.975542106, 0, 183, 60, 234, 153, 295, 181, 311, 244, 481
100nic1, non-improving cycles, 200, 2298089.2049174225, 49.137978724, 0, 147, 21, 234, 152, 313, 190, 313, 246, 496
1nic2, non-improving cycles, 1, 2694622.5165056535, 0.266590232, 80, 190, 0, 187, 249, 406, 128, 411, 342, 592
2nic2, non-improving cycles, 2, 3024342.3018007767, 0.718099753, 0, 285, 97, 258, 169, 418, 223, 424, 263, 606
3nic2, non-improving cycles, 3, 2390866.9368485217, 0.513562566, 12, 187, 0, 257, 186, 340, 227, 342, 279, 530
4nic2, non-improving cycles, 4, 2461732.2845554054, 0.417603479, 55, 187, 0, 203, 217, 351, 139, 374, 309, 537
5nic2, non-improving cycles, 5, 2348216.1227449807, 0.80375852, 0, 168, 61, 226, 152, 315, 195, 276, 243, 499
6nic2, non-improving cycles, 6, 2390312.335833852, 0.933540734, 0, 158, 73, 255, 156, 300, 221, 340, 265, 493
7nic2, non-improving cycles, 7, 2373013.52477727, 0.675030477, 0, 176, 34, 241, 177, 314, 199, 319, 268, 495
8nic2, non-improving cycles, 8, 2419861.5479906974, 1.169238997, 32, 219, 0, 240, 194, 338, 144, 339, 288, 524
9nic2, non-improving cycles, 9, 2352917.642734667, 1.119460315, 0, 192, 16, 177, 172, 305, 137, 323, 263, 507
10nic2, non-improving cycles, 10, 2375372.8566431995, 1.277305521, 0, 94, 70, 271, 155, 298, 227, 315, 257, 494
11nic2, non-improving cycles, 11, 2358321.4815063463, 3.063216874, 0, 170, 3, 162, 172, 339, 132, 340, 271, 523
12nic2, non-improving cycles, 12, 2410715.2740856837, 1.133584523, 0, 158, 59, 248, 168, 314, 192, 265, 261, 497
13nic2, non-improving cycles, 13, 2365327.8270486193, 2.082004435, 0, 117, 63, 256, 174, 331, 216, 338, 271, 521
14nic2, non-improving cycles, 14, 2316099.884252692, 1.518710554, 0, 173, 29, 227, 160, 301, 194, 314, 251, 491
15nic2, non-improving cycles, 15, 2384775.502003001, 1.834005158, 0, 52, 25, 230, 157, 281, 198, 304, 252, 464
16nic2, non-improving cycles, 16, 2323600.1699390397, 2.983244458, 0, 210, 18, 216, 158, 313, 162, 307, 252, 502
17nic2, non-improving cycles, 17, 2327272.6269016075, 4.682826325, 0, 101, 23, 217, 152, 305, 187, 289, 243, 488
18nic2, non-improving cycles, 18, 2326768.8111338676, 3.62098587, 0, 164, 84, 245, 163, 288, 207, 324, 256, 491
19nic2, non-improving cycles, 19, 2348667.276709286, 4.209718413, 0, 148, 39, 233, 152, 300, 167, 282, 247, 482
20nic2, non-improving cycles, 20, 2347118.2218815945, 2.933863546, 6, 154, 0, 229, 163, 326, 198, 305, 256, 507
21nic2, non-improving cycles, 21, 2400146.3855663533, 4.059286547, 0, 202, 80, 270, 189, 318, 216, 338, 282, 512
22nic2, non-improving cycles, 22, 2284332.191241813, 2.52828094, 0, 190, 43, 226, 155, 311, 184, 317, 247, 494
23nic2, non-improving cycles, 23, 2324893.310759962, 7.329075045, 0, 173, 47, 236, 158, 305, 205, 305, 252, 496
24nic2, non-improving cycles, 24, 2342327.262659748, 5.115636103, 0, 165, 125, 306, 171, 318, 270, 335, 263, 506
25nic2, non-improving cycles, 25, 2351929.674963873, 2.547295469, 0, 122, 7, 230, 161, 290, 149, 324, 254, 471
26nic2, non-improving cycles, 26, 2424666.9060483547, 2.654006909, 0, 94, 18, 212, 166, 258, 182, 304, 259, 441
27nic2, non-improving cycles, 27, 2323543.8105936823, 6.316741235, 0, 181, 33, 243, 166, 315, 189, 325, 258, 508
28nic2, non-improving cycles, 28, 2388382.0318372026, 2.998723074, 0, 93, 6, 179, 172, 333, 141, 329, 269, 517
29nic2, non-improving cycles, 29, 2318599.3993839007, 3.235680561, 0, 188, 50, 233, 153, 303, 202, 296, 248, 495
30nic2, non-improving cycles, 30, 2346456.4586846465, 2.916127489, 0, 191, 58, 225, 163, 316, 179, 292, 256, 501
31nic2, non-improving cycles, 31, 2364772.6221758407, 7.50461359, 0, 222, 76, 293, 161, 323, 224, 337, 254, 515
32nic2, non-improving cycles, 32, 2330203.2012076844, 9.770512917, 0, 171, 92, 254, 173, 328, 218, 337, 267, 516
33nic2, non-improving cycles, 33, 2318500.8835402788, 4.871691659, 0, 169, 39, 225, 151, 297, 185, 295, 245, 481
34nic2, non-improving cycles, 34, 2354389.5861520884, 3.931533502, 0, 169, 89, 296, 160, 312, 222, 333, 260, 510
35nic2, non-improving cycles, 35, 2329449.751613187, 3.518806073, 0, 193, 44, 278, 151, 311, 218, 306, 250, 495
36nic2, non-improving cycles, 36, 2300506.1262828675, 7.572933193, 0, 161, 80, 232, 152, 295, 202, 318, 245, 485
37nic2, non-improving cycles, 37, 2338287.755822697, 7.552763526, 0, 116, 22, 221, 156, 300, 188, 307, 250, 494
38nic2, non-improving cycles, 38, 2365390.579860828, 5.306667136, 0, 185, 75, 258, 179, 327, 223, 324, 272, 511
39nic2, non-improving cycles, 39, 2342907.6980710253, 4.370591595, 0, 209, 21, 254, 173, 322, 202, 324, 264, 512
40nic2, non-improving cycles, 40, 2421523.191971151, 4.350103648, 0, 156, 87, 249, 181, 259, 217, 333, 273, 508
41nic2, non-improving cycles, 41, 2374439.008657373, 5.065589688, 0, 188, 104, 280, 165, 324, 233, 308, 266, 514
42nic2, non-improving cycles, 42, 2323796.0196609357, 9.988361618, 0, 184, 48, 241, 158, 286, 203, 323, 253, 478
43nic2, non-improving cycles, 43, 2321334.752793648, 4.868311348, 0, 160, 44, 232, 167, 321, 198, 322, 258, 508
44nic2, non-improving cycles, 44, 2345710.2513289326, 4.834752108, 10, 182, 0, 302, 164, 320, 225, 330, 258, 501
45nic2, non-improving cycles, 45, 2302923.222872322, 7.684374995, 0, 180, 43, 243, 161, 311, 202, 323, 253, 500
46nic2, non-improving cycles, 46, 2327445.9770833375, 8.161730761, 0, 171, 17, 233, 158, 291, 179, 313, 250, 476
47nic2, non-improving cycles, 47, 2327456.773847482, 7.236475258, 0, 187, 48, 219, 155, 316, 181, 288, 246, 499
48nic2, non-improving cycles, 48, 2345205.899864018, 8.25780428, 0, 228, 96, 325, 175, 336, 234, 341, 271, 521
49nic2, non-improving cycles, 49, 2302317.0590604176, 9.640280778, 0, 214, 149, 305, 163, 316, 272, 325, 256, 500
50nic2, non-improving cycles, 50, 2340364.2003606996, 10.426488777, 0, 130, 16, 210, 160, 290, 145, 317, 251, 471
51nic2, non-improving cycles, 52, 2330587.1346349306, 7.303934687, 0, 98, 34, 214, 157, 301, 175, 310, 249, 489
52nic2, non-improving cycles, 54, 2344615.6769356853, 7.201196828, 0, 186, 26, 222, 168, 330, 159, 314, 261, 511
53nic2, non-improving cycles, 56, 2353621.5062038032, 11.843805517, 0, 198, 103, 287, 173, 308, 225, 335, 267, 496
54nic2, non-improving cycles, 58, 2324185.0233367877, 5.836060411, 0, 187, 108, 297, 165, 307, 265, 328, 258, 499
55nic2, non-improving cycles, 60, 2293950.336391039, 11.272032072, 0, 186, 10, 200, 154, 306, 160, 315, 245, 494
56nic2, non-improving cycles, 62, 2331156.7782325796, 10.746792573, 0, 223, 42, 231, 157, 326, 199, 327, 251, 510
57nic2, non-improving cycles, 64, 2338602.8127151597, 9.323977923, 0, 229, 99, 310, 164, 333, 258, 331, 256, 514
58nic2, non-improving cycles, 66, 2316160.161388432, 5.82555166, 0, 136, 78, 288, 152, 317, 201, 316, 243, 499
59nic2, non-improving cycles, 68, 2324407.2255592826, 6.073172653, 0, 112, 63, 243, 161, 306, 199, 315, 253, 497
60nic2, non-improving cycles, 70, 2312569.010046948, 13.566026651, 0, 141, 67, 239, 161, 315, 191, 309, 252, 502
61nic2, non-improving cycles, 72, 2319378.713157241, 10.72614512, 0, 156, 80, 286, 152, 316, 208, 297, 246, 497
62nic2, non-improving cycles, 74, 2325961.735318112, 11.888406161, 0, 135, 42, 236, 151, 272, 200, 315, 246, 484
63nic2, non-improving cycles, 76, 2333911.982177748, 6.866323476, 0, 204, 31, 250, 171, 335, 217, 336, 263, 516
64nic2, non-improving cycles, 78, 2341909.072339061, 11.898215788, 0, 108, 60, 278, 159, 309, 214, 324, 255, 491
65nic2, non-improving cycles, 80, 2305336.503196906, 8.886236274, 0, 163, 16, 234, 152, 304, 167, 304, 244, 494
66nic2, non-improving cycles, 82, 2316691.4522742843, 14.516680952, 0, 149, 26, 234, 152, 310, 201, 310, 249, 492
67nic2, non-improving cycles, 84, 2340345.1248829355, 13.904486046, 10, 209, 0, 167, 178, 341, 137, 343, 274, 523
68nic2, non-improving cycles, 86, 2294825.2655747, 31.816657237, 0, 190, 65, 232, 162, 320, 194, 324, 253, 501
69nic2, non-improving cycles, 88, 2337089.4405058804, 10.570610796, 0, 194, 8, 221, 157, 297, 191, 291, 248, 483
70nic2, non-improving cycles, 90, 2357075.685785336, 10.528169032, 0, 177, 62, 245, 167, 280, 200, 316, 259, 462
71nic2, non-improving cycles, 92, 2303772.3573462125, 15.72751951, 0, 196, 72, 229, 160, 318, 195, 316, 254, 504
72nic2, non-improving cycles, 94, 2342468.9500857, 10.27452346, 0, 153, 75, 236, 170, 292, 203, 329, 261, 474
73nic2, non-improving cycles, 96, 2345364.6113601616, 13.434758301, 0, 171, 73, 262, 163, 296, 220, 328, 254, 478
74nic2, non-improving cycles, 98, 2354446.855556435, 12.267090195, 0, 185, 56, 244, 171, 323, 209, 335, 269, 514
75nic2, non-improving cycles, 100, 2330196.0430363244, 13.947582531, 0, 184, 72, 260, 159, 313, 209, 311, 254, 503
76nic2, non-improving cycles, 104, 2324222.3101166193, 12.616058428, 0, 185, 59, 249, 171, 326, 215, 329, 263, 511
77nic2, non-improving cycles, 108, 2292705.149835552, 27.452479378, 0, 198, 51, 224, 151, 304, 179, 293, 242, 490
78nic2, non-improving cycles, 112, 2294978.6965028294, 13.397037436, 0, 215, 79, 237, 165, 319, 204, 324, 256, 503
79nic2, non-improving cycles, 116, 2315070.404491126, 16.796823702, 0, 195, 15, 236, 154, 312, 171, 298, 247, 495
80nic2, non-improving cycles, 120, 2311875.403155409, 12.766444264, 0, 163, 29, 218, 156, 303, 184, 304, 247, 491
81nic2, non-improving cycles, 124, 2289254.062014185, 14.552448606, 0, 195, 54, 238, 153, 312, 200, 319, 249, 495
82nic2, non-improving cycles, 128, 2332817.153327015, 16.128082107, 0, 179, 16, 235, 152, 309, 164, 291, 244, 493
83nic2, non-improving cycles, 132, 2309857.0990539226, 19.563299358, 0, 157, 67, 290, 156, 305, 211, 309, 247, 490
84nic2, non-improving cycles, 136, 2314742.1347464365, 14.242122834, 0, 144, 37, 206, 151, 274, 161, 313, 243, 461
85nic2, non-improving cycles, 140, 2334163.209002661, 16.296619669, 0, 129, 22, 208, 164, 309, 168, 326, 256, 498
86nic2, non-improving cycles, 144, 2314048.663128823, 20.723989913, 0, 212, 31, 213, 152, 314, 165, 322, 244, 501
87nic2, non-improving cycles, 148, 2323664.9451066796, 27.517648251, 0, 93, 2, 231, 152, 311, 155, 303, 244, 492
88nic2, non-improving cycles, 152, 2318812.681508503, 15.268111916, 0, 164, 72, 285, 152, 298, 218, 312, 248, 486
89nic2, non-improving cycles, 156, 2302036.9551156964, 18.7961577, 0, 152, 44, 230, 158, 312, 198, 316, 250, 494
90nic2, non-improving cycles, 160, 2317037.60336023, 30.001705361, 0, 201, 55, 241, 153, 307, 209, 325, 255, 493
91nic2, non-improving cycles, 164, 2321652.48253438, 19.912366588, 0, 145, 59, 247, 154, 290, 208, 306, 245, 486
92nic2, non-improving cycles, 168, 2318708.0734061324, 23.577596459, 0, 145, 52, 215, 151, 298, 175, 292, 244, 483
93nic2, non-improving cycles, 172, 2308984.8739734264, 25.12717338, 0, 213, 67, 242, 159, 321, 212, 328, 258, 502
94nic2, non-improving cycles, 176, 2321296.628862843, 53.697867326, 0, 121, 62, 237, 156, 314, 196, 302, 250, 497
95nic2, non-improving cycles, 180, 2320144.1492557586, 49.592256847, 0, 182, 64, 299, 158, 319, 210, 314, 253, 502
96nic2, non-improving cycles, 184, 2311290.87866767, 28.125369627, 0, 155, 34, 238, 156, 315, 196, 305, 249, 499
97nic2, non-improving cycles, 188, 2315054.2018596274, 32.949910615, 0, 220, 100, 288, 166, 324, 224, 330, 260, 505
98nic2, non-improving cycles, 192, 2292311.442445513, 37.528548828, 0, 174, 75, 244, 162, 322, 202, 324, 254, 504
99nic2, non-improving cycles, 196, 2306433.7713719294, 38.287341731, 0, 204, 22, 235, 154, 308, 179, 304, 247, 492
100nic2, non-improving cycles, 200, 2311063.7242878187, 23.152703223, 0, 149, 22, 197, 155, 296, 166, 317, 247, 490
1nic3, non-improving cycles, 1, 3729959.6295722085, 0.256475387, 152, 288, 0, 233, 319, 420, 125, 452, 413, 603
2nic3, non-improving cycles, 2, 2340413.376600695, 0.614927357, 4, 166, 0, 237, 162, 305, 195, 309, 254, 490
3nic3, non-improving cycles, 3, 2396748.648876625, 0.722511011, 0, 95, 9, 264, 155, 281, 225, 326, 252, 501
4nic3, non-improving cycles, 4, 2363495.522567526, 0.852114584, 6, 166, 0, 232, 157, 314, 126, 306, 258, 504
5nic3, non-improving cycles, 5, 2503545.462666599, 0.529530243, 19, 149, 0, 181, 195, 373, 149, 337, 286, 555
6nic3, non-improving cycles, 6, 2458147.8607077333, 0.572503939, 50, 185, 0, 167, 217, 375, 125, 373, 309, 560
7nic3, non-improving cycles, 7, 2364809.154550695, 1.689347692, 0, 152, 28, 269, 152, 319, 204, 309, 246, 505
8nic3, non-improving cycles, 8, 2400052.8849319015, 0.903871699, 0, 122, 12, 211, 166, 267, 133, 312, 259, 474
9nic3, non-improving cycles, 9, 2399388.403203765, 1.832673992, 9, 179, 0, 235, 174, 320, 202, 329, 274, 522
10nic3, non-improving cycles, 10, 2335946.9453094, 1.358467277, 0, 160, 41, 226, 151, 261, 175, 300, 243, 442
11nic3, non-improving cycles, 11, 2354227.4434709474, 2.731992382, 0, 198, 90, 253, 169, 316, 220, 306, 264, 507
12nic3, non-improving cycles, 12, 2443369.388283693, 1.484395019, 10, 196, 0, 152, 175, 333, 122, 312, 285, 533
13nic3, non-improving cycles, 13, 2339960.3328315173, 2.619931421, 0, 141, 9, 227, 152, 271, 173, 303, 244, 472
14nic3, non-improving cycles, 14, 2383756.909295281, 2.287140693, 3, 147, 0, 238, 165, 296, 182, 328, 264, 477
15nic3, non-improving cycles, 15, 2385608.0635501873, 2.900885847, 16, 182, 0, 166, 187, 313, 130, 337, 279, 528
16nic3, non-improving cycles, 16, 2309373.1292893803, 4.339049358, 0, 188, 39, 237, 154, 301, 192, 312, 249, 493
17nic3, non-improving cycles, 17, 2416680.0507774753, 1.930172568, 4, 192, 0, 245, 190, 351, 160, 336, 285, 532
18nic3, non-improving cycles, 18, 2372577.2289457014, 1.602413597, 0, 138, 92, 298, 178, 308, 236, 333, 269, 505
19nic3, non-improving cycles, 19, 2382788.013092215, 1.820926966, 20, 176, 0, 155, 178, 308, 123, 346, 278, 489
20nic3, non-improving cycles, 20, 2308454.997833658, 1.987980575, 0, 211, 66, 234, 156, 320, 199, 326, 252, 506
21nic3, non-improving cycles, 21, 2334216.4142790684, 1.977519654, 0, 179, 42, 219, 154, 283, 176, 315, 251, 495
22nic3, non-improving cycles, 22, 2318030.801065773, 4.855427706, 0, 173, 43, 228, 152, 295, 196, 285, 243, 488
23nic3, non-improving cycles, 23, 2330720.2758172695, 2.577027462, 0, 182, 53, 248, 171, 320, 208, 329, 263, 507
24nic3, non-improving cycles, 24, 2433867.580086353, 2.690295536, 0, 151, 3, 182, 200, 334, 152, 353, 292, 521
25nic3, non-improving cycles, 25, 2362684.0309575056, 3.474364624, 16, 102, 0, 245, 167, 312, 124, 323, 261, 500
26nic3, non-improving cycles, 26, 2313898.803686717, 6.11591003, 0, 125, 52, 234, 159, 318, 204, 313, 252, 502
27nic3, non-improving cycles, 27, 2381272.232732922, 4.704337077, 0, 122, 25, 244, 158, 263, 214, 310, 254, 446
28nic3, non-improving cycles, 28, 2316187.044633593, 3.301628987, 1, 135, 0, 235, 153, 294, 194, 311, 245, 480
29nic3, non-improving cycles, 29, 2407364.8310476276, 4.07710373, 0, 146, 58, 257, 169, 340, 213, 318, 276, 524
30nic3, non-improving cycles, 30, 2349857.6831929586, 2.852952857, 0, 122, 26, 240, 166, 320, 197, 319, 260, 509
31nic3, non-improving cycles, 31, 2320082.41018773, 5.317813101, 0, 156, 22, 217, 154, 279, 178, 315, 246, 465
32nic3, non-improving cycles, 32, 2317679.367951122, 5.600669527, 0, 189, 60, 263, 157, 290, 200, 314, 248, 484
33nic3, non-improving cycles, 33, 2331378.6058684615, 4.169966633, 0, 160, 59, 295, 159, 310, 184, 306, 251, 491
34nic3, non-improving cycles, 34, 2323149.4017175306, 5.880700973, 0, 191, 5, 236, 156, 320, 177, 316, 251, 503
35nic3, non-improving cycles, 35, 2356256.2415550626, 6.373991323, 0, 224, 43, 260, 181, 336, 198, 330, 272, 517
36nic3, non-improving cycles, 36, 2362515.882675021, 4.188111287, 0, 92, 54, 243, 162, 267, 202, 321, 254, 449
37nic3, non-improving cycles, 37, 2345165.435270513, 7.268623534, 0, 166, 117, 286, 151, 301, 252, 311, 253, 504
38nic3, non-improving cycles, 38, 2342880.3608939038, 7.601783363, 0, 206, 48, 248, 160, 321, 197, 302, 258, 504
39nic3, non-improving cycles, 39, 2329962.2850306863, 6.778201456, 0, 227, 53, 253, 170, 329, 219, 318, 263, 513
40nic3, non-improving cycles, 40, 2322953.59626327, 7.447360493, 0, 138, 50, 242, 159, 302, 205, 323, 254, 491
41nic3, non-improving cycles, 41, 2332335.5153967543, 4.988205859, 0, 187, 107, 304, 167, 327, 268, 315, 260, 509
42nic3, non-improving cycles, 42, 2355215.763721834, 3.924023766, 0, 151, 63, 251, 168, 294, 193, 326, 262, 478
43nic3, non-improving cycles, 43, 2333752.6599327093, 7.493880086, 0, 192, 57, 244, 163, 310, 206, 323, 260, 491
44nic3, non-improving cycles, 44, 2332433.776717247, 7.127886869, 0, 185, 6, 244, 162, 299, 191, 318, 254, 493
45nic3, non-improving cycles, 45, 2333389.459985955, 7.692850708, 0, 145, 1, 185, 161, 307, 122, 318, 253, 488
46nic3, non-improving cycles, 46, 2329241.0845151762, 5.650529267, 0, 181, 64, 248, 160, 316, 209, 321, 259, 505
47nic3, non-improving cycles, 47, 2349447.324882575, 10.291213671, 0, 143, 93, 273, 157, 302, 218, 284, 249, 490
48nic3, non-improving cycles, 48, 2322824.5768938004, 7.893234223, 0, 119, 12, 218, 155, 309, 181, 309, 248, 498
49nic3, non-improving cycles, 49, 2299894.2561752126, 12.085674037, 0, 173, 66, 240, 158, 297, 198, 320, 250, 487
50nic3, non-improving cycles, 50, 2317539.767790002, 8.422421886, 0, 219, 80, 250, 173, 320, 215, 334, 264, 503
51nic3, non-improving cycles, 52, 2291532.6357226362, 9.574451154, 0, 181, 34, 231, 156, 309, 175, 315, 247, 490
52nic3, non-improving cycles, 54, 2353615.4903550115, 4.392391184, 0, 132, 70, 293, 164, 327, 226, 334, 263, 508
53nic3, non-improving cycles, 56, 2327362.7531837234, 10.558275596, 0, 178, 8, 213, 159, 318, 165, 319, 250, 504
54nic3, non-improving cycles, 58, 2382611.7220863374, 9.423216934, 0, 214, 13, 313, 163, 340, 224, 340, 265, 521
55nic3, non-improving cycles, 60, 2355191.9035692606, 11.147055847, 0, 22, 74, 232, 152, 284, 198, 296, 244, 493
56nic3, non-improving cycles, 62, 2317279.7743230397, 7.990734803, 0, 137, 81, 238, 157, 308, 206, 292, 248, 489
57nic3, non-improving cycles, 64, 2297769.467158783, 26.298304099, 0, 146, 61, 225, 154, 293, 189, 311, 245, 480
58nic3, non-improving cycles, 66, 2315833.524377129, 9.079827012, 0, 158, 22, 238, 158, 299, 184, 318, 250, 480
59nic3, non-improving cycles, 68, 2290798.2864809213, 9.143044135, 0, 135, 71, 232, 156, 311, 195, 312, 247, 497
60nic3, non-improving cycles, 70, 2307436.3809962063, 8.448922064, 0, 165, 21, 212, 151, 314, 156, 317, 246, 498
61nic3, non-improving cycles, 72, 2308599.2635005647, 7.163356805, 0, 102, 40, 235, 152, 314, 195, 312, 247, 496
62nic3, non-improving cycles, 74, 2349857.32842349, 9.912180438, 0, 122, 50, 252, 155, 267, 206, 314, 247, 451
63nic3, non-improving cycles, 76, 2319179.313560568, 8.811167913, 0, 174, 37, 245, 166, 312, 181, 327, 257, 503
64nic3, non-improving cycles, 78, 2295113.3270323467, 9.825829152, 0, 181, 77, 288, 157, 308, 217, 318, 248, 491
65nic3, non-improving cycles, 80, 2314551.455748017, 13.093616846, 0, 150, 7, 234, 156, 298, 202, 311, 247, 496
66nic3, non-improving cycles, 82, 2319083.16142314, 15.588625107, 0, 199, 11, 175, 155, 313, 139, 309, 249, 500
67nic3, non-improving cycles, 84, 2308654.2661423474, 9.840956072, 0, 182, 36, 220, 154, 306, 180, 294, 245, 491
68nic3, non-improving cycles, 86, 2315683.45421253, 16.040327574, 0, 185, 42, 208, 156, 312, 170, 314, 252, 496
69nic3, non-improving cycles, 88, 2334687.763025852, 10.385760929, 0, 138, 67, 261, 165, 306, 210, 324, 256, 493
70nic3, non-improving cycles, 90, 2297788.599187241, 12.021629082, 0, 145, 58, 220, 153, 294, 183, 308, 244, 483
71nic3, non-improving cycles, 92, 2312829.1234346298, 9.237107007, 0, 163, 48, 232, 151, 311, 201, 293, 246, 492
72nic3, non-improving cycles, 94, 2318750.649197079, 27.274700083, 0, 162, 33, 246, 164, 321, 159, 324, 256, 506
73nic3, non-improving cycles, 96, 2323884.4037294355, 13.725053781, 0, 185, 43, 244, 162, 329, 206, 329, 254, 510
74nic3, non-improving cycles, 98, 2314716.297078724, 26.898090264, 0, 135, 56, 234, 154, 298, 189, 305, 247, 489
75nic3, non-improving cycles, 100, 2325736.1128020836, 13.489929886, 0, 151, 103, 269, 167, 309, 227, 328, 258, 505
76nic3, non-improving cycles, 104, 2315996.180635296, 21.481765966, 0, 122, 17, 184, 151, 295, 153, 302, 242, 483
77nic3, non-improving cycles, 108, 2319736.387088933, 21.935236762, 0, 153, 40, 221, 163, 312, 165, 319, 254, 498
78nic3, non-improving cycles, 112, 2320005.981853244, 24.833987313, 0, 179, 64, 280, 156, 307, 208, 320, 252, 491
79nic3, non-improving cycles, 116, 2323767.2053940143, 17.854676713, 0, 152, 29, 236, 156, 299, 175, 313, 250, 489
80nic3, non-improving cycles, 120, 2328661.999269082, 19.166522889, 0, 214, 13, 190, 160, 318, 160, 297, 252, 499
81nic3, non-improving cycles, 124, 2319300.5832949057, 16.685010698, 0, 191, 20, 236, 153, 297, 191, 302, 247, 491
82nic3, non-improving cycles, 128, 2325322.343896284, 31.072876212, 0, 147, 67, 263, 151, 286, 210, 316, 247, 493
83nic3, non-improving cycles, 132, 2317398.539689052, 28.631241305, 0, 165, 32, 214, 155, 298, 175, 299, 246, 485
84nic3, non-improving cycles, 136, 2302104.3630714957, 22.977021586, 0, 191, 10, 251, 151, 307, 155, 310, 242, 488
85nic3, non-improving cycles, 140, 2319649.677019595, 28.432814274, 1, 175, 0, 226, 157, 315, 141, 308, 248, 499
86nic3, non-improving cycles, 144, 2301343.7482445464, 17.72683394, 0, 192, 46, 220, 156, 307, 186, 307, 248, 494
87nic3, non-improving cycles, 148, 2303398.5374282748, 16.225356353, 0, 135, 49, 235, 152, 295, 189, 316, 246, 476
88nic3, non-improving cycles, 152, 2326297.4427763834, 13.856309568, 0, 172, 60, 245, 160, 301, 191, 318, 252, 489
89nic3, non-improving cycles, 156, 2326164.9732189453, 33.278128961, 11, 218, 0, 170, 170, 326, 131, 324, 261, 511
90nic3, non-improving cycles, 160, 2315639.4221094977, 16.278169068, 0, 201, 29, 245, 164, 308, 180, 323, 255, 491
91nic3, non-improving cycles, 164, 2343477.235511738, 17.105489975, 0, 115, 86, 266, 163, 285, 219, 324, 254, 475
92nic3, non-improving cycles, 168, 2331361.1537732044, 19.142375355, 0, 182, 0, 242, 161, 296, 196, 319, 253, 492
93nic3, non-improving cycles, 172, 2315529.321646209, 19.121219222, 0, 170, 88, 289, 151, 314, 213, 322, 251, 500
94nic3, non-improving cycles, 176, 2315087.814944224, 42.119465806, 0, 174, 52, 277, 159, 304, 207, 317, 250, 500
95nic3, non-improving cycles, 180, 2341297.7312509012, 29.569917305, 0, 215, 86, 288, 160, 321, 220, 300, 252, 506
96nic3, non-improving cycles, 184, 2308786.7161212713, 19.38173393, 0, 171, 87, 280, 152, 304, 215, 319, 248, 490
97nic3, non-improving cycles, 188, 2318710.2618294633, 22.894822001, 0, 212, 71, 230, 154, 320, 194, 315, 247, 505
98nic3, non-improving cycles, 192, 2321913.6818365203, 25.392662718, 0, 211, 68, 250, 169, 314, 211, 320, 260, 503
99nic3, non-improving cycles, 196, 2320666.4330716673, 59.270835405, 0, 149, 89, 292, 152, 319, 213, 308, 247, 500
100nic3, non-improving cycles, 200, 2308579.4447461367, 49.935490134, 0, 158, 21, 225, 153, 318, 170, 316, 246, 499
1nic4, non-improving cycles, 1, 2914086.1050154134, 0.181903311, 0, 111, 232, 406, 209, 355, 365, 420, 325, 584
2nic4, non-improving cycles, 2, 2383705.225733767, 0.187354832, 0, 116, 67, 258, 173, 307, 220, 330, 270, 518
3nic4, non-improving cycles, 3, 2394104.919644378, 0.364455899, 22, 227, 0, 154, 183, 347, 123, 337, 285, 535
4nic4, non-improving cycles, 4, 2541289.9635137916, 0.672690429, 0, 222, 100, 298, 155, 364, 262, 376, 263, 550
5nic4, non-improving cycles, 5, 2565839.2081014626, 0.468324825, 0, 175, 168, 358, 218, 359, 319, 396, 321, 562
6nic4, non-improving cycles, 6, 2382596.5506767766, 1.964359457, 0, 150, 2, 212, 166, 266, 132, 327, 259, 452
7nic4, non-improving cycles, 7, 2329830.9164523, 0.836586321, 0, 170, 37, 236, 154, 271, 194, 305, 246, 455
8nic4, non-improving cycles, 8, 2422547.6834123693, 1.68402993, 0, 190, 87, 280, 193, 339, 244, 341, 290, 524
9nic4, non-improving cycles, 9, 2352903.4695827025, 1.430668628, 0, 133, 61, 219, 153, 256, 189, 320, 250, 445
10nic4, non-improving cycles, 10, 2371463.108403735, 1.323283662, 0, 89, 72, 292, 166, 321, 231, 317, 262, 503
11nic4, non-improving cycles, 11, 2385534.65540965, 1.877407221, 0, 108, 43, 237, 166, 264, 192, 323, 259, 446
12nic4, non-improving cycles, 12, 2390778.677082979, 1.436087845, 0, 207, 144, 319, 168, 331, 274, 347, 260, 512
13nic4, non-improving cycles, 13, 2359794.369111197, 2.590418006, 0, 171, 63, 257, 169, 330, 189, 319, 267, 513
14nic4, non-improving cycles, 14, 2361206.262721369, 2.710949852, 0, 193, 30, 247, 178, 308, 209, 337, 269, 496
15nic4, non-improving cycles, 15, 2398534.118440515, 2.212474448, 0, 151, 132, 293, 162, 334, 256, 322, 273, 523
16nic4, non-improving cycles, 16, 2320100.1694460595, 2.568027227, 0, 166, 36, 239, 162, 301, 209, 316, 253, 485
17nic4, non-improving cycles, 17, 2406608.362880557, 2.910150869, 0, 162, 30, 252, 182, 332, 213, 305, 274, 513
18nic4, non-improving cycles, 18, 2325952.5911190296, 4.252040779, 0, 208, 51, 214, 159, 311, 184, 288, 250, 492
19nic4, non-improving cycles, 19, 2387349.9839866627, 2.112413064, 0, 200, 65, 301, 162, 325, 239, 323, 270, 517
20nic4, non-improving cycles, 20, 2343019.8250683015, 2.327650386, 0, 216, 34, 202, 168, 321, 162, 302, 259, 509
21nic4, non-improving cycles, 21, 2320215.018592105, 6.078623807, 0, 219, 48, 227, 155, 327, 194, 326, 253, 508
22nic4, non-improving cycles, 22, 2357331.494436766, 4.023947149, 10, 158, 0, 251, 172, 296, 217, 332, 263, 488
23nic4, non-improving cycles, 23, 2347865.7609732635, 4.008028786, 0, 132, 91, 271, 168, 313, 216, 325, 261, 499
24nic4, non-improving cycles, 24, 2364814.9866073, 4.585749228, 0, 137, 38, 256, 173, 316, 218, 334, 268, 499
25nic4, non-improving cycles, 25, 2332916.6910971603, 4.413872864, 0, 197, 72, 241, 170, 310, 208, 323, 262, 503
26nic4, non-improving cycles, 26, 2427762.80813482, 2.550790014, 0, 193, 48, 247, 188, 355, 192, 337, 280, 538
27nic4, non-improving cycles, 27, 2341442.167881936, 3.59718376, 0, 175, 27, 234, 164, 309, 186, 312, 257, 496
28nic4, non-improving cycles, 28, 2380132.228285016, 3.180042152, 0, 213, 52, 267, 180, 332, 202, 348, 279, 526
29nic4, non-improving cycles, 29, 2343770.830292211, 2.79752991, 0, 134, 43, 230, 152, 259, 176, 307, 245, 460
30nic4, non-improving cycles, 30, 2332526.751333162, 3.591197697, 3, 199, 0, 209, 170, 324, 134, 327, 261, 509
31nic4, non-improving cycles, 31, 2356439.0725365346, 4.800465759, 0, 142, 44, 216, 167, 314, 186, 304, 259, 506
32nic4, non-improving cycles, 32, 2331997.238792113, 4.997007011, 11, 190, 0, 176, 164, 293, 122, 326, 255, 474
33nic4, non-improving cycles, 33, 2356549.9063454084, 4.926640743, 0, 141, 14, 227, 155, 266, 180, 321, 251, 451
34nic4, non-improving cycles, 34, 2305503.7104604254, 7.114624145, 0, 156, 90, 279, 152, 299, 216, 317, 247, 481
35nic4, non-improving cycles, 35, 2340486.343954354, 3.439983067, 0, 129, 55, 235, 154, 291, 197, 285, 246, 495
36nic4, non-improving cycles, 36, 2332612.36181614, 4.016447802, 0, 161, 59, 232, 164, 283, 187, 324, 255, 469
37nic4, non-improving cycles, 37, 2305035.2058623685, 9.740069774, 0, 73, 61, 219, 152, 313, 187, 311, 244, 495
38nic4, non-improving cycles, 38, 2355441.706638708, 4.184925227, 0, 193, 50, 226, 160, 303, 192, 304, 258, 495
39nic4, non-improving cycles, 39, 2306276.206631358, 6.854204604, 0, 173, 32, 199, 155, 307, 158, 313, 248, 495
40nic4, non-improving cycles, 40, 2369767.481227688, 8.15321899, 0, 120, 41, 230, 159, 271, 165, 326, 253, 480
41nic4, non-improving cycles, 41, 2357674.2314784294, 6.347382368, 0, 196, 51, 259, 182, 326, 223, 339, 273, 517
42nic4, non-improving cycles, 42, 2335767.9560147794, 4.65579858, 0, 118, 65, 217, 152, 308, 186, 324, 243, 495
43nic4, non-improving cycles, 43, 2403421.936877542, 4.360693785, 0, 108, 33, 260, 178, 302, 212, 331, 272, 484
44nic4, non-improving cycles, 44, 2334999.7002897095, 5.341373811, 0, 118, 6, 228, 161, 308, 190, 323, 254, 497
45nic4, non-improving cycles, 45, 2345587.982780191, 4.370483134, 0, 184, 82, 241, 158, 299, 205, 331, 253, 500
46nic4, non-improving cycles, 46, 2321142.712418561, 8.296801315, 0, 217, 59, 240, 170, 318, 207, 324, 261, 504
47nic4, non-improving cycles, 47, 2357826.660200353, 4.409753021, 0, 206, 32, 261, 177, 341, 179, 343, 273, 523
48nic4, non-improving cycles, 48, 2329970.3614784293, 5.630607093, 0, 185, 91, 245, 168, 307, 215, 312, 259, 507
49nic4, non-improving cycles, 49, 2337529.8313328847, 7.591441688, 0, 179, 60, 306, 154, 316, 213, 326, 247, 498
50nic4, non-improving cycles, 50, 2341586.470345471, 7.857556443, 0, 201, 34, 216, 153, 308, 173, 301, 253, 491
51nic4, non-improving cycles, 52, 2349818.576298759, 7.040942189, 0, 204, 95, 306, 163, 333, 223, 336, 254, 516
52nic4, non-improving cycles, 54, 2319933.2916532494, 10.477210074, 0, 132, 76, 235, 151, 303, 199, 307, 246, 499
53nic4, non-improving cycles, 56, 2313293.9283054275, 4.937409316, 0, 157, 55, 266, 159, 305, 210, 320, 250, 486
54nic4, non-improving cycles, 58, 2341663.4108058456, 8.712415471, 0, 191, 41, 310, 158, 324, 222, 330, 258, 509
55nic4, non-improving cycles, 60, 2368123.039008718, 8.454105655, 0, 213, 86, 299, 162, 314, 217, 337, 256, 507
56nic4, non-improving cycles, 62, 2326919.5863064975, 5.734079925, 0, 190, 90, 300, 161, 319, 226, 312, 256, 501
57nic4, non-improving cycles, 64, 2318166.458842785, 6.300570335, 0, 179, 45, 234, 162, 310, 204, 318, 255, 493
58nic4, non-improving cycles, 66, 2346602.6993499217, 7.518778433, 0, 157, 74, 252, 162, 323, 203, 321, 263, 507
59nic4, non-improving cycles, 68, 2339302.9479775, 7.366603525, 0, 189, 15, 249, 167, 304, 197, 330, 260, 493
60nic4, non-improving cycles, 70, 2314492.590115293, 9.151386092, 0, 184, 48, 236, 153, 297, 204, 305, 246, 498
61nic4, non-improving cycles, 72, 2319717.400544489, 18.480156972, 0, 190, 32, 276, 161, 313, 205, 322, 253, 503
62nic4, non-improving cycles, 74, 2368137.0281578265, 6.758482145, 0, 132, 43, 228, 165, 309, 195, 330, 265, 501
63nic4, non-improving cycles, 76, 2313349.7085353704, 8.116104743, 0, 212, 30, 222, 155, 313, 177, 300, 249, 497
64nic4, non-improving cycles, 78, 2340458.5719012134, 8.112079357, 0, 111, 59, 247, 165, 317, 212, 324, 260, 504
65nic4, non-improving cycles, 80, 2308987.938826404, 19.564971708, 0, 135, 53, 229, 154, 311, 188, 307, 248, 494
66nic4, non-improving cycles, 82, 2336960.478547155, 9.967734889, 0, 203, 34, 238, 161, 305, 190, 306, 255, 500
67nic4, non-improving cycles, 84, 2307220.2912353915, 21.423787877, 0, 174, 85, 245, 164, 328, 213, 327, 259, 509
68nic4, non-improving cycles, 86, 2322532.5157290976, 10.275767699, 0, 181, 80, 245, 166, 299, 214, 319, 257, 490
69nic4, non-improving cycles, 88, 2324820.5399191743, 13.088862658, 0, 178, 47, 289, 160, 304, 213, 323, 251, 491
70nic4, non-improving cycles, 90, 2311673.5803358424, 17.426542925, 0, 206, 53, 299, 156, 310, 208, 315, 249, 500
71nic4, non-improving cycles, 92, 2323577.6999343717, 31.211545902, 0, 157, 10, 243, 161, 316, 131, 314, 253, 498
72nic4, non-improving cycles, 94, 2304811.030174438, 20.103102971, 0, 210, 77, 301, 158, 312, 213, 322, 251, 501
73nic4, non-improving cycles, 96, 2313747.1925371913, 11.808068133, 0, 167, 75, 237, 159, 297, 201, 315, 252, 494
74nic4, non-improving cycles, 98, 2306195.6664513284, 15.32619333, 0, 151, 20, 226, 155, 310, 180, 310, 247, 495
75nic4, non-improving cycles, 100, 2301050.535419429, 11.447019649, 0, 186, 52, 228, 159, 308, 191, 317, 251, 492
76nic4, non-improving cycles, 104, 2319808.18578743, 10.405362301, 0, 190, 97, 292, 161, 317, 221, 327, 253, 499
77nic4, non-improving cycles, 108, 2303593.553514806, 23.169478686, 0, 199, 80, 241, 163, 304, 201, 325, 255, 489
78nic4, non-improving cycles, 112, 2304738.9845277956, 17.015880388, 0, 198, 88, 246, 167, 311, 213, 328, 258, 494
79nic4, non-improving cycles, 116, 2328430.0421882095, 14.284405715, 0, 142, 15, 240, 162, 303, 207, 322, 254, 487
80nic4, non-improving cycles, 120, 2327214.127985424, 10.313368119, 0, 160, 39, 261, 153, 289, 214, 304, 245, 488
81nic4, non-improving cycles, 124, 2323564.1348408386, 19.969751328, 14, 201, 0, 157, 175, 315, 122, 336, 266, 496
82nic4, non-improving cycles, 128, 2322267.638630583, 28.265729572, 0, 199, 48, 296, 165, 319, 220, 325, 257, 500
83nic4, non-improving cycles, 132, 2309743.9156603958, 13.333198728, 0, 151, 66, 230, 159, 307, 195, 322, 253, 488
84nic4, non-improving cycles, 136, 2332024.6896848045, 16.671214274, 0, 167, 8, 225, 152, 296, 189, 291, 245, 486
85nic4, non-improving cycles, 140, 2300935.859203946, 33.812570396, 0, 166, 47, 228, 155, 299, 171, 314, 247, 496
86nic4, non-improving cycles, 144, 2310227.2258022707, 32.415450276, 0, 188, 13, 213, 156, 305, 161, 312, 248, 489
87nic4, non-improving cycles, 148, 2321196.052811475, 19.700996368, 0, 185, 56, 256, 156, 291, 198, 319, 247, 474
88nic4, non-improving cycles, 152, 2335854.484402789, 20.406226685, 0, 211, 95, 317, 170, 331, 229, 334, 266, 514
89nic4, non-improving cycles, 156, 2309199.1783781173, 36.412420792, 0, 134, 98, 300, 156, 313, 250, 320, 249, 500
90nic4, non-improving cycles, 160, 2312064.218905411, 28.841155107, 0, 211, 141, 303, 166, 319, 266, 329, 257, 509
91nic4, non-improving cycles, 164, 2297698.7322250144, 38.584830506, 0, 171, 50, 224, 151, 284, 187, 305, 242, 472
92nic4, non-improving cycles, 168, 2312100.3550049933, 26.184050076, 0, 159, 47, 221, 159, 316, 191, 312, 252, 497
93nic4, non-improving cycles, 172, 2301400.950989643, 17.333314191, 0, 152, 75, 233, 151, 279, 198, 312, 244, 466
94nic4, non-improving cycles, 176, 2313557.3019823325, 15.380245647, 0, 150, 68, 262, 153, 299, 213, 314, 247, 480
95nic4, non-improving cycles, 180, 2329253.7211122857, 21.142801718, 0, 111, 69, 241, 161, 313, 192, 326, 257, 500
96nic4, non-improving cycles, 184, 2316865.6318244534, 44.724917195, 0, 222, 72, 248, 162, 323, 207, 330, 261, 510
97nic4, non-improving cycles, 188, 2308205.4853764074, 33.866115198, 0, 171, 64, 271, 157, 302, 208, 315, 248, 488
98nic4, non-improving cycles, 192, 2335005.0378869134, 30.889147629, 0, 190, 47, 250, 155, 311, 217, 326, 256, 497
99nic4, non-improving cycles, 196, 2299906.322786741, 34.13703054, 0, 202, 21, 215, 159, 317, 172, 319, 251, 498
100nic4, non-improving cycles, 200, 2292584.5893436074, 18.250315743, 0, 185, 21, 216, 151, 312, 178, 301, 243, 493
1nic5, non-improving cycles, 1, 2515873.3422123287, 0.308745329, 55, 222, 0, 286, 210, 358, 180, 299, 304, 542
2nic5, non-improving cycles, 2, 2497173.4325589985, 0.592359604, 72, 194, 0, 179, 224, 340, 142, 368, 316, 538
3nic5, non-improving cycles, 3, 2343591.3494556467, 0.480200608, 13, 208, 0, 233, 167, 325, 128, 329, 264, 507
4nic5, non-improving cycles, 4, 2447087.0191778787, 0.6597803, 0, 104, 32, 248, 174, 274, 208, 307, 270, 497
5nic5, non-improving cycles, 5, 2411716.4797938005, 1.093439679, 22, 112, 0, 249, 180, 309, 138, 316, 272, 514
6nic5, non-improving cycles, 6, 2419909.07021501, 0.563154836, 3, 163, 0, 267, 185, 300, 224, 332, 277, 483
7nic5, non-improving cycles, 7, 2398145.3215336283, 1.27164316, 0, 216, 34, 253, 192, 350, 214, 352, 283, 536
8nic5, non-improving cycles, 8, 2315050.4530200763, 1.086373472, 0, 182, 71, 239, 162, 322, 198, 320, 253, 507
9nic5, non-improving cycles, 9, 2305723.7360689444, 0.777372326, 0, 173, 31, 207, 154, 315, 177, 320, 245, 496
10nic5, non-improving cycles, 10, 2429167.304282447, 1.316317692, 5, 160, 0, 177, 193, 307, 125, 340, 285, 508
11nic5, non-improving cycles, 11, 2409481.7740465696, 1.163663043, 0, 204, 72, 246, 160, 341, 215, 347, 255, 523
12nic5, non-improving cycles, 12, 2357223.2906554677, 1.565285058, 0, 117, 36, 242, 164, 296, 157, 329, 259, 483
13nic5, non-improving cycles, 13, 2318406.521182703, 2.208911641, 0, 140, 39, 219, 163, 308, 189, 323, 254, 490
14nic5, non-improving cycles, 14, 2322526.9054901768, 1.446691918, 0, 123, 11, 206, 151, 294, 164, 297, 242, 491
15nic5, non-improving cycles, 15, 2397113.641587742, 1.627750036, 0, 93, 74, 255, 185, 337, 216, 334, 278, 524
16nic5, non-improving cycles, 16, 2386619.7085050372, 1.755855218, 0, 210, 104, 271, 194, 342, 234, 348, 286, 524
17nic5, non-improving cycles, 17, 2321729.491725668, 1.879913031, 0, 127, 41, 234, 157, 307, 195, 318, 252, 501
18nic5, non-improving cycles, 18, 2333737.9240685366, 4.570545505, 6, 196, 0, 240, 162, 314, 207, 303, 254, 499
19nic5, non-improving cycles, 19, 2344799.891382704, 2.011698712, 0, 186, 90, 266, 153, 321, 232, 328, 260, 506
20nic5, non-improving cycles, 20, 2437758.484874065, 3.316608225, 15, 188, 0, 189, 203, 347, 150, 360, 298, 546
21nic5, non-improving cycles, 21, 2358981.591965111, 2.375356386, 0, 193, 18, 242, 171, 331, 158, 319, 262, 515
22nic5, non-improving cycles, 22, 2350610.9304727446, 2.363439748, 0, 143, 8, 242, 153, 300, 176, 318, 254, 483
23nic5, non-improving cycles, 23, 2385054.352309401, 1.986056822, 15, 98, 0, 246, 173, 294, 213, 322, 264, 490
24nic5, non-improving cycles, 24, 2340955.3277429775, 3.432122696, 0, 129, 5, 213, 158, 308, 126, 300, 250, 496
25nic5, non-improving cycles, 25, 2349183.2630466656, 3.587200256, 0, 211, 82, 261, 175, 323, 227, 342, 272, 521
26nic5, non-improving cycles, 26, 2353545.307997941, 2.696924287, 0, 162, 96, 281, 157, 307, 221, 323, 260, 500
27nic5, non-improving cycles, 27, 2329175.7810564935, 2.781742381, 0, 186, 45, 244, 162, 326, 192, 308, 257, 507
28nic5, non-improving cycles, 28, 2358425.783807278, 4.607826208, 0, 139, 73, 246, 173, 319, 215, 330, 268, 505
29nic5, non-improving cycles, 29, 2380133.4943087813, 2.750125943, 0, 118, 56, 243, 167, 326, 206, 313, 259, 516
30nic5, non-improving cycles, 30, 2355946.023275692, 3.955967634, 0, 208, 25, 235, 174, 337, 204, 341, 266, 521
31nic5, non-improving cycles, 31, 2350040.4240768226, 7.296556117, 0, 115, 33, 255, 162, 291, 214, 321, 253, 483
32nic5, non-improving cycles, 32, 2349766.4998545074, 7.434062648, 0, 89, 26, 224, 151, 291, 181, 296, 246, 494
33nic5, non-improving cycles, 33, 2348774.3144051176, 4.250438971, 0, 203, 25, 221, 161, 314, 159, 314, 259, 509
34nic5, non-improving cycles, 34, 2349704.05841738, 5.600177445, 0, 132, 44, 228, 163, 287, 167, 322, 256, 477
35nic5, non-improving cycles, 35, 2327741.403307924, 6.089948265, 0, 207, 89, 246, 166, 327, 213, 332, 265, 510
36nic5, non-improving cycles, 36, 2360402.302476249, 9.769341148, 0, 124, 65, 253, 174, 317, 220, 322, 266, 499
37nic5, non-improving cycles, 37, 2362941.858144517, 4.667298144, 0, 162, 32, 252, 164, 292, 200, 329, 262, 487
38nic5, non-improving cycles, 38, 2339430.336666885, 8.066080203, 0, 120, 46, 276, 157, 315, 223, 324, 255, 497
39nic5, non-improving cycles, 39, 2341282.434936025, 8.245002314, 0, 216, 7, 196, 176, 334, 131, 334, 267, 515
40nic5, non-improving cycles, 40, 2400732.764674939, 3.935550101, 0, 132, 46, 251, 175, 301, 174, 302, 266, 485
41nic5, non-improving cycles, 41, 2343682.362669968, 7.104363441, 0, 123, 57, 237, 160, 294, 197, 297, 251, 498
42nic5, non-improving cycles, 42, 2331187.0885164514, 4.724329475, 0, 66, 11, 209, 154, 299, 148, 313, 245, 483
43nic5, non-improving cycles, 43, 2353188.2017303673, 5.108012168, 0, 204, 33, 249, 176, 325, 163, 326, 267, 508
44nic5, non-improving cycles, 44, 2309535.811719946, 7.158400579, 0, 133, 84, 297, 159, 314, 261, 317, 250, 499
45nic5, non-improving cycles, 45, 2330743.846755211, 6.456633851, 0, 203, 37, 241, 159, 318, 204, 286, 251, 501
46nic5, non-improving cycles, 46, 2344313.8436611975, 4.257540727, 0, 172, 52, 267, 152, 310, 208, 283, 247, 496
47nic5, non-improving cycles, 47, 2338647.533689208, 6.427404921, 4, 164, 0, 224, 163, 304, 133, 325, 257, 487
48nic5, non-improving cycles, 48, 2306491.7302745925, 5.030170437, 0, 120, 93, 308, 157, 319, 260, 320, 250, 500
49nic5, non-improving cycles, 49, 2338447.94757078, 7.130871831, 13, 191, 0, 250, 170, 306, 134, 329, 261, 487
50nic5, non-improving cycles, 50, 2305245.342860503, 4.989248521, 0, 138, 67, 223, 156, 311, 188, 305, 248, 495
51nic5, non-improving cycles, 52, 2311879.7096497845, 9.235828949, 0, 159, 73, 236, 152, 298, 204, 320, 251, 492
52nic5, non-improving cycles, 54, 2395301.6726330835, 6.864941751, 10, 107, 0, 224, 163, 300, 121, 336, 261, 504
53nic5, non-improving cycles, 56, 2327038.919583207, 15.606618705, 0, 107, 36, 283, 155, 300, 200, 311, 246, 483
54nic5, non-improving cycles, 58, 2385923.407055376, 5.632474118, 7, 42, 0, 220, 161, 264, 184, 322, 252, 457
55nic5, non-improving cycles, 60, 2310563.1955675054, 6.895717572, 0, 209, 38, 211, 153, 316, 174, 318, 248, 502
56nic5, non-improving cycles, 62, 2296994.0031570806, 8.491298172, 0, 185, 34, 225, 153, 312, 185, 305, 246, 493
57nic5, non-improving cycles, 64, 2332418.448929338, 6.171294371, 0, 187, 28, 228, 156, 303, 158, 314, 253, 494
58nic5, non-improving cycles, 66, 2353537.9580053966, 6.343603034, 0, 155, 68, 249, 165, 299, 212, 318, 261, 490
59nic5, non-improving cycles, 68, 2315184.239702706, 7.516030761, 0, 126, 98, 296, 157, 307, 232, 315, 249, 493
60nic5, non-improving cycles, 70, 2298509.323761916, 11.290541292, 0, 189, 28, 232, 155, 296, 195, 312, 246, 482
61nic5, non-improving cycles, 72, 2338762.2564278618, 9.894489488, 0, 160, 36, 251, 159, 316, 210, 308, 253, 498
62nic5, non-improving cycles, 74, 2321732.937943918, 7.652595644, 3, 186, 0, 234, 158, 318, 181, 306, 251, 500
63nic5, non-improving cycles, 76, 2327780.893962145, 9.273440532, 0, 162, 32, 289, 161, 318, 210, 325, 255, 504
64nic5, non-improving cycles, 78, 2339313.7745257146, 15.071032535, 0, 196, 27, 221, 158, 315, 148, 317, 257, 497
65nic5, non-improving cycles, 80, 2332353.636032511, 12.962042037, 0, 176, 27, 251, 157, 291, 166, 318, 249, 491
66nic5, non-improving cycles, 82, 2345310.439342387, 9.356609059, 1, 111, 0, 244, 165, 309, 197, 326, 257, 497
67nic5, non-improving cycles, 84, 2299168.6813986637, 12.105499005, 0, 174, 41, 233, 155, 306, 178, 315, 248, 488
68nic5, non-improving cycles, 86, 2333415.7014514497, 16.39044898, 6, 211, 0, 156, 179, 336, 122, 340, 271, 519
69nic5, non-improving cycles, 88, 2343120.6310211737, 9.507523856, 0, 181, 121, 297, 170, 310, 253, 328, 263, 492
70nic5, non-improving cycles, 90, 2283551.5996611444, 24.258839871, 0, 173, 78, 236, 157, 311, 200, 319, 249, 498
71nic5, non-improving cycles, 92, 2307678.815150174, 21.759477474, 0, 160, 53, 237, 153, 297, 198, 313, 248, 494
72nic5, non-improving cycles, 94, 2335139.666424943, 15.117763376, 0, 124, 68, 231, 155, 272, 198, 300, 246, 456
73nic5, non-improving cycles, 96, 2326347.154277762, 23.320520735, 0, 180, 62, 256, 162, 303, 187, 318, 253, 503
74nic5, non-improving cycles, 98, 2324462.453416953, 16.695500802, 0, 150, 68, 249, 163, 318, 195, 327, 259, 502
75nic5, non-improving cycles, 100, 2322493.421738536, 11.357553116, 0, 203, 67, 233, 157, 307, 189, 297, 249, 501
76nic5, non-improving cycles, 104, 2342351.0435838853, 9.730116298, 0, 136, 12, 238, 154, 290, 196, 315, 251, 474
77nic5, non-improving cycles, 108, 2318358.086383218, 22.8115961, 0, 197, 12, 242, 159, 314, 208, 309, 252, 498
78nic5, non-improving cycles, 112, 2331433.082260047, 15.034814674, 0, 177, 30, 231, 155, 288, 182, 315, 251, 500
79nic5, non-improving cycles, 116, 2302795.7908722875, 22.228889189, 0, 174, 30, 228, 154, 303, 190, 318, 245, 488
80nic5, non-improving cycles, 120, 2310290.808237109, 40.338206421, 0, 165, 19, 212, 163, 323, 177, 323, 254, 504
81nic5, non-improving cycles, 124, 2289549.0655413447, 29.857944364, 0, 200, 86, 291, 155, 310, 254, 317, 247, 495
82nic5, non-improving cycles, 128, 2294670.007334466, 14.662665475, 0, 186, 57, 216, 154, 310, 183, 298, 245, 492
83nic5, non-improving cycles, 132, 2322361.6065889243, 22.689721758, 0, 218, 38, 199, 160, 319, 167, 305, 251, 504
84nic5, non-improving cycles, 136, 2307452.9409947554, 17.482457105, 0, 185, 129, 304, 156, 317, 265, 323, 247, 503
85nic5, non-improving cycles, 140, 2323283.155260044, 20.193436191, 3, 190, 0, 211, 163, 302, 129, 323, 254, 491
86nic5, non-improving cycles, 144, 2316799.981456154, 15.321637023, 0, 197, 104, 291, 167, 322, 254, 329, 258, 503
87nic5, non-improving cycles, 148, 2320039.7340027876, 21.92666069, 0, 111, 46, 218, 151, 287, 188, 314, 246, 476
88nic5, non-improving cycles, 152, 2315980.3060302986, 19.671593261, 0, 179, 87, 286, 159, 324, 212, 323, 250, 505
89nic5, non-improving cycles, 156, 2292999.878004892, 30.597297517, 0, 182, 73, 230, 152, 288, 194, 303, 243, 482
90nic5, non-improving cycles, 160, 2299608.353634635, 45.186457625, 0, 150, 43, 228, 151, 317, 193, 316, 244, 498
91nic5, non-improving cycles, 164, 2311011.5470248293, 17.099321672, 0, 219, 63, 244, 156, 322, 186, 320, 256, 503
92nic5, non-improving cycles, 168, 2309204.388025656, 17.693805161, 9, 203, 0, 189, 163, 317, 122, 320, 254, 504
93nic5, non-improving cycles, 172, 2327610.7889172304, 20.049013176, 0, 96, 16, 237, 156, 320, 182, 317, 248, 501
94nic5, non-improving cycles, 176, 2335174.6539098807, 23.681187081, 0, 140, 67, 236, 159, 263, 195, 320, 250, 448
95nic5, non-improving cycles, 180, 2293089.9019573503, 27.96553361, 0, 172, 57, 228, 156, 314, 197, 319, 250, 498
96nic5, non-improving cycles, 184, 2307672.341576707, 32.595405241, 0, 178, 25, 228, 155, 312, 186, 297, 246, 493
97nic5, non-improving cycles, 188, 2284851.5813237326, 24.75011817, 0, 187, 25, 226, 154, 309, 183, 314, 245, 492
98nic5, non-improving cycles, 192, 2305139.661021881, 29.157438412, 0, 165, 30, 235, 155, 298, 199, 317, 248, 492
99nic5, non-improving cycles, 196, 2329051.7282221, 37.646027194, 0, 170, 34, 220, 160, 304, 184, 301, 251, 500
100nic5, non-improving cycles, 200, 2334457.1277848296, 20.108785252, 0, 200, 69, 242, 151, 306, 208, 276, 244, 494
