Some of these results may not be valid* Also this is Example 3
1nic1, non-improving cycles, 1, 833673.4294241767, 0.612066917, 230, 204, 196, 0, 215, 185, 100, 152, 58, 134
2nic1, non-improving cycles, 2, 700282.9859124471, 1.050890971, 222, 275, 209, 77, 261, 269, 116, 137, 0, 284
3nic1, non-improving cycles, 3, 722536.3482182915, 0.978019806, 163, 276, 238, 107, 265, 304, 139, 157, 66, 294
4nic1, non-improving cycles, 4, 708424.5041741333, 0.491295523, 222, 146, 160, 136, 250, 289, 69, 154, 79, 284
5nic1, non-improving cycles, 5, 730040.6016266653, 0.227737661, 200, 265, 223, 127, 224, 298, 102, 149, 129, 285
6nic1, non-improving cycles, 6, 758420.7656644586, 0.469442131, 223, 293, 242, 157, 273, 279, 202, 170, 0, 301
7nic1, non-improving cycles, 7, 755208.6008131672, 0.375529893, 203, 238, 204, 115, 265, 301, 92, 179, 95, 156
8nic1, non-improving cycles, 8, 713993.944733049, 0.855401247, 227, 197, 185, 128, 240, 258, 0, 144, 82, 269
9nic1, non-improving cycles, 9, 730465.939064178, 0.438162914, 161, 276, 144, 33, 264, 250, 109, 160, 149, 290
10nic1, non-improving cycles, 10, 706063.3947167754, 0.445296601, 198, 266, 213, 140, 254, 242, 77, 167, 104, 288
11nic1, non-improving cycles, 11, 682668.9269628085, 0.66007526, 268, 226, 240, 0, 260, 260, 100, 160, 99, 282
12nic1, non-improving cycles, 12, 732397.1864738476, 0.452206629, 217, 251, 185, 99, 253, 189, 0, 153, 77, 274
13nic1, non-improving cycles, 13, 719684.3677913956, 0.668089906, 202, 250, 212, 61, 242, 244, 109, 134, 0, 259
14nic1, non-improving cycles, 14, 704187.538106674, 1.094285953, 214, 258, 218, 132, 246, 249, 106, 143, 0, 265
15nic1, non-improving cycles, 15, 727579.84747267, 1.013155346, 163, 277, 104, 3, 256, 260, 217, 158, 0, 286
16nic1, non-improving cycles, 16, 704568.035804533, 0.915435212, 137, 225, 230, 20, 259, 280, 45, 146, 66, 281
17nic1, non-improving cycles, 17, 696897.0936277626, 0.970925242, 187, 270, 172, 0, 258, 256, 120, 154, 37, 283
18nic1, non-improving cycles, 18, 714508.0396048608, 1.128044813, 188, 252, 182, 0, 264, 298, 101, 139, 62, 284
19nic1, non-improving cycles, 19, 729468.786241981, 1.451980124, 193, 225, 196, 82, 228, 253, 97, 126, 0, 253
20nic1, non-improving cycles, 20, 685483.1731437871, 1.135150016, 196, 272, 208, 32, 259, 262, 119, 164, 0, 285
21nic1, non-improving cycles, 21, 694020.6226643103, 1.313418692, 236, 210, 183, 118, 250, 278, 104, 152, 0, 278
22nic1, non-improving cycles, 22, 690165.6312419208, 1.67810607, 180, 275, 235, 0, 259, 269, 113, 153, 54, 279
23nic1, non-improving cycles, 23, 720560.4430892232, 0.939410153, 255, 226, 228, 118, 248, 217, 72, 142, 0, 269
24nic1, non-improving cycles, 24, 730891.2398520217, 1.933658843, 207, 177, 210, 57, 235, 253, 80, 134, 0, 255
25nic1, non-improving cycles, 25, 709199.0957045784, 2.843780433, 223, 269, 218, 0, 262, 257, 45, 144, 16, 285
26nic1, non-improving cycles, 26, 690243.7651329606, 2.275061604, 226, 274, 228, 87, 260, 261, 101, 150, 191, 277
27nic1, non-improving cycles, 27, 682078.0045981337, 1.066477779, 214, 259, 206, 99, 255, 287, 89, 156, 0, 284
28nic1, non-improving cycles, 28, 712450.204081712, 2.194885514, 233, 278, 175, 111, 265, 271, 111, 147, 0, 289
29nic1, non-improving cycles, 29, 697441.8983552426, 1.855534208, 213, 270, 175, 83, 246, 262, 128, 150, 84, 277
30nic1, non-improving cycles, 30, 684791.0148256852, 3.555671332, 210, 271, 201, 117, 259, 254, 125, 163, 136, 285
31nic1, non-improving cycles, 31, 689140.3310729426, 1.540214068, 236, 273, 173, 125, 259, 267, 116, 147, 0, 284
32nic1, non-improving cycles, 32, 706408.2090831687, 1.598542923, 123, 255, 220, 56, 249, 291, 125, 145, 49, 277
33nic1, non-improving cycles, 33, 711504.4434668234, 1.74272595, 174, 245, 198, 132, 268, 293, 139, 172, 0, 293
34nic1, non-improving cycles, 34, 727975.9118262742, 2.984106138, 263, 218, 224, 17, 241, 251, 199, 140, 0, 264
35nic1, non-improving cycles, 35, 701848.3772042942, 4.073068224, 179, 227, 127, 74, 253, 291, 98, 151, 0, 278
36nic1, non-improving cycles, 36, 703629.2777284654, 2.164970038, 268, 214, 236, 113, 259, 259, 92, 142, 0, 266
37nic1, non-improving cycles, 37, 715731.6487700527, 2.382819958, 191, 276, 222, 147, 265, 268, 159, 172, 29, 293
38nic1, non-improving cycles, 38, 719996.403269675, 2.142813734, 184, 262, 191, 55, 261, 298, 76, 129, 36, 275
39nic1, non-improving cycles, 39, 718992.9180118892, 2.317699575, 116, 268, 200, 43, 260, 299, 112, 170, 0, 291
40nic1, non-improving cycles, 40, 693261.7330546018, 2.781591836, 208, 275, 214, 132, 255, 267, 123, 165, 88, 288
41nic1, non-improving cycles, 41, 715959.395393715, 2.426911907, 196, 251, 219, 88, 262, 298, 107, 134, 42, 258
42nic1, non-improving cycles, 42, 693204.6810095431, 3.323524898, 172, 237, 222, 117, 246, 281, 129, 149, 0, 271
43nic1, non-improving cycles, 43, 695007.3671981767, 3.57638018, 223, 275, 213, 104, 260, 263, 89, 143, 0, 278
44nic1, non-improving cycles, 44, 725989.9970400776, 2.673900464, 197, 251, 209, 0, 235, 232, 66, 142, 13, 266
45nic1, non-improving cycles, 45, 699519.1434861987, 3.99239523, 221, 261, 235, 120, 264, 300, 113, 154, 0, 281
46nic1, non-improving cycles, 46, 708797.3437845276, 2.157612146, 208, 257, 204, 81, 255, 285, 95, 123, 30, 266
47nic1, non-improving cycles, 47, 684434.0107924456, 2.038323338, 226, 269, 229, 0, 260, 262, 124, 156, 86, 277
48nic1, non-improving cycles, 48, 701234.8456427727, 2.581949489, 212, 264, 230, 65, 250, 253, 119, 144, 0, 268
49nic1, non-improving cycles, 49, 689666.790202013, 4.212190366, 247, 181, 194, 115, 252, 287, 134, 154, 0, 277
50nic1, non-improving cycles, 50, 698734.322070647, 3.77695275, 155, 251, 241, 93, 254, 280, 54, 158, 38, 282
51nic1, non-improving cycles, 52, 690179.0900414074, 4.189388148, 159, 255, 235, 142, 254, 283, 170, 157, 43, 284
52nic1, non-improving cycles, 54, 708284.7588513948, 2.351436159, 195, 258, 224, 68, 248, 238, 78, 156, 5, 283
53nic1, non-improving cycles, 56, 728680.8729658611, 3.552091451, 187, 261, 219, 111, 232, 246, 163, 140, 0, 264
54nic1, non-improving cycles, 58, 721667.5802605117, 2.64369785, 78, 276, 241, 0, 261, 260, 18, 155, 87, 284
55nic1, non-improving cycles, 60, 685110.3031444545, 3.968299552, 186, 246, 211, 0, 257, 288, 119, 163, 98, 286
56nic1, non-improving cycles, 62, 700515.1056701855, 3.303981383, 194, 259, 236, 117, 250, 288, 59, 138, 30, 268
57nic1, non-improving cycles, 64, 691036.197436911, 3.803635117, 181, 275, 230, 64, 254, 260, 102, 158, 57, 283
58nic1, non-improving cycles, 66, 681405.9562004914, 9.774509097, 219, 263, 208, 115, 249, 289, 96, 156, 0, 278
59nic1, non-improving cycles, 68, 693810.4571891334, 4.980226508, 218, 260, 221, 106, 248, 254, 132, 152, 0, 276
60nic1, non-improving cycles, 70, 693019.3893867307, 4.313840846, 208, 268, 221, 126, 261, 243, 124, 163, 0, 285
61nic1, non-improving cycles, 72, 690816.6728360697, 3.181301396, 203, 244, 242, 136, 264, 291, 120, 159, 69, 288
62nic1, non-improving cycles, 74, 699077.3695281432, 6.13698992, 172, 279, 207, 112, 264, 273, 94, 167, 0, 288
63nic1, non-improving cycles, 76, 691736.0329428163, 8.994782437, 209, 274, 203, 87, 263, 262, 116, 167, 29, 288
64nic1, non-improving cycles, 78, 687393.1848316692, 5.874615437, 188, 253, 240, 0, 261, 297, 29, 161, 94, 282
65nic1, non-improving cycles, 80, 695588.608495825, 7.596077764, 247, 193, 230, 120, 259, 278, 162, 152, 3, 274
66nic1, non-improving cycles, 82, 693193.2942494327, 7.271773575, 162, 263, 238, 127, 261, 295, 209, 147, 48, 282
67nic1, non-improving cycles, 84, 691945.0231474927, 8.236396359, 215, 251, 190, 123, 245, 283, 109, 148, 0, 270
68nic1, non-improving cycles, 86, 682121.6094047793, 3.933669257, 203, 261, 206, 59, 257, 296, 99, 155, 93, 283
69nic1, non-improving cycles, 88, 697314.6842552167, 5.220901282, 206, 273, 229, 95, 249, 263, 124, 148, 0, 281
70nic1, non-improving cycles, 90, 692006.883344521, 5.08818939, 185, 248, 216, 93, 247, 274, 113, 152, 0, 273
71nic1, non-improving cycles, 92, 691855.4510384705, 9.27058873, 219, 250, 130, 139, 260, 278, 19, 162, 0, 285
72nic1, non-improving cycles, 94, 699274.3287071364, 6.185690755, 222, 190, 217, 0, 256, 288, 84, 148, 22, 271
73nic1, non-improving cycles, 96, 697711.6123019513, 6.860317674, 191, 256, 189, 0, 260, 296, 111, 145, 58, 273
74nic1, non-improving cycles, 98, 707785.2215427991, 5.683204983, 265, 229, 225, 0, 260, 219, 108, 156, 28, 280
75nic1, non-improving cycles, 100, 679008.8825590287, 8.527745689, 230, 273, 227, 117, 260, 266, 52, 161, 0, 285
76nic1, non-improving cycles, 104, 697083.3506867498, 9.934899524, 184, 253, 210, 84, 255, 244, 131, 159, 0, 280
77nic1, non-improving cycles, 108, 689826.069396866, 7.085027776, 143, 237, 237, 82, 254, 295, 95, 159, 26, 283
78nic1, non-improving cycles, 112, 709496.6213312974, 4.993035965, 198, 258, 212, 118, 262, 295, 168, 172, 72, 293
79nic1, non-improving cycles, 116, 696793.4599008225, 10.423365998, 217, 276, 220, 105, 251, 258, 116, 156, 72, 277
80nic1, non-improving cycles, 120, 682800.1328038771, 7.209279063, 199, 261, 229, 102, 252, 295, 134, 157, 56, 286
81nic1, non-improving cycles, 124, 689205.9518448429, 8.221545569, 202, 251, 179, 91, 252, 279, 113, 152, 0, 276
82nic1, non-improving cycles, 128, 689160.218714835, 20.964224969, 216, 255, 219, 0, 246, 284, 153, 152, 90, 273
83nic1, non-improving cycles, 132, 691619.8880404244, 5.330026251, 197, 246, 203, 144, 241, 288, 130, 162, 0, 284
84nic1, non-improving cycles, 136, 693350.8282479135, 14.054856752, 212, 274, 168, 112, 252, 268, 107, 155, 0, 285
85nic1, non-improving cycles, 140, 689859.8520169926, 9.917559437, 220, 270, 229, 83, 255, 256, 115, 152, 0, 277
86nic1, non-improving cycles, 144, 684911.1324920952, 9.393389871, 221, 259, 188, 0, 254, 290, 131, 155, 131, 279
87nic1, non-improving cycles, 148, 686250.8863856335, 13.791795598, 203, 270, 211, 95, 252, 263, 137, 159, 0, 280
88nic1, non-improving cycles, 152, 691117.5757540993, 8.760202608, 197, 274, 227, 109, 258, 268, 58, 147, 50, 280
89nic1, non-improving cycles, 156, 704069.6162433571, 10.476347779, 138, 275, 237, 71, 258, 263, 150, 154, 48, 276
90nic1, non-improving cycles, 160, 682446.82302999, 12.857785412, 194, 264, 159, 99, 260, 296, 105, 158, 79, 285
91nic1, non-improving cycles, 164, 700118.2307442911, 9.538408187, 205, 242, 114, 114, 253, 291, 33, 154, 13, 281
92nic1, non-improving cycles, 168, 682014.5717333717, 10.161793472, 202, 269, 217, 121, 259, 263, 125, 155, 83, 284
93nic1, non-improving cycles, 172, 700111.7502574072, 8.703556046, 200, 266, 228, 105, 241, 257, 124, 148, 59, 275
94nic1, non-improving cycles, 176, 684934.6846815196, 18.813240484, 164, 251, 234, 88, 254, 296, 131, 158, 98, 285
95nic1, non-improving cycles, 180, 685179.6059992725, 19.910116247, 197, 243, 219, 90, 254, 289, 73, 154, 0, 280
96nic1, non-improving cycles, 184, 688814.0876952745, 9.158587885, 226, 270, 236, 121, 259, 257, 84, 150, 0, 283
97nic1, non-improving cycles, 188, 685651.4315639809, 19.489798223, 212, 250, 233, 0, 259, 294, 62, 148, 83, 272
98nic1, non-improving cycles, 192, 690504.0528094568, 13.763563064, 210, 266, 166, 81, 260, 253, 107, 156, 80, 284
99nic1, non-improving cycles, 196, 685141.29481744, 9.893051772, 269, 229, 204, 48, 258, 261, 136, 157, 67, 278
100nic1, non-improving cycles, 200, 690965.9458700449, 19.01143527, 222, 275, 225, 0, 258, 262, 187, 155, 40, 281
1nic2, non-improving cycles, 1, 803964.9024802101, 0.048512326, 187, 218, 181, 40, 221, 256, 80, 142, 0, 122
2nic2, non-improving cycles, 2, 748872.4808148007, 0.195177314, 120, 235, 176, 108, 220, 261, 105, 125, 0, 250
3nic2, non-improving cycles, 3, 741338.8679442776, 0.15781764, 146, 222, 159, 116, 225, 250, 67, 130, 0, 251
4nic2, non-improving cycles, 4, 756324.3300540952, 0.200803026, 223, 277, 189, 138, 261, 269, 274, 182, 0, 159
5nic2, non-improving cycles, 5, 739726.2509747185, 0.348400897, 164, 269, 146, 0, 234, 258, 235, 158, 142, 283
6nic2, non-improving cycles, 6, 688317.1145705451, 0.410595749, 225, 275, 236, 0, 256, 267, 90, 154, 49, 277
7nic2, non-improving cycles, 7, 742486.8989561959, 0.308950622, 233, 202, 226, 36, 273, 304, 129, 161, 0, 293
8nic2, non-improving cycles, 8, 742216.2313107871, 0.375847077, 244, 283, 141, 25, 260, 277, 96, 143, 0, 284
9nic2, non-improving cycles, 9, 750565.2859743452, 0.449879781, 262, 181, 244, 107, 261, 295, 54, 183, 44, 157
10nic2, non-improving cycles, 10, 686185.086168464, 0.740861852, 217, 251, 191, 0, 252, 287, 133, 153, 11, 279
11nic2, non-improving cycles, 11, 718643.1131865366, 0.584787072, 206, 267, 223, 20, 239, 257, 199, 144, 0, 272
12nic2, non-improving cycles, 12, 717547.7731225465, 0.521102293, 206, 268, 241, 99, 258, 252, 103, 135, 0, 267
13nic2, non-improving cycles, 13, 733779.8287749644, 0.715375115, 226, 262, 212, 0, 257, 180, 98, 151, 35, 281
14nic2, non-improving cycles, 14, 728563.1294743641, 0.752218874, 221, 140, 225, 44, 266, 301, 43, 169, 72, 293
15nic2, non-improving cycles, 15, 688903.1855599035, 0.736869327, 180, 225, 224, 129, 254, 292, 67, 156, 0, 279
16nic2, non-improving cycles, 16, 712163.8773245392, 1.815711078, 191, 252, 227, 122, 251, 229, 89, 146, 0, 276
17nic2, non-improving cycles, 17, 713075.8692988271, 0.860877967, 216, 262, 131, 106, 247, 256, 107, 139, 0, 264
18nic2, non-improving cycles, 18, 696452.0305257856, 1.552413721, 200, 271, 220, 107, 256, 264, 117, 141, 0, 278
19nic2, non-improving cycles, 19, 694909.4665179069, 1.353194861, 234, 207, 212, 87, 241, 286, 129, 154, 0, 275
20nic2, non-improving cycles, 20, 700133.5193907907, 2.366723274, 137, 247, 185, 123, 252, 290, 61, 151, 0, 279
21nic2, non-improving cycles, 21, 716951.6821741995, 1.336533351, 200, 131, 232, 110, 252, 279, 102, 144, 0, 277
22nic2, non-improving cycles, 22, 691551.420021856, 2.19590956, 210, 250, 230, 88, 253, 281, 98, 142, 0, 279
23nic2, non-improving cycles, 23, 689602.2801123967, 1.980802798, 211, 266, 221, 0, 254, 255, 129, 157, 39, 280
24nic2, non-improving cycles, 24, 711747.7551462126, 2.052933981, 179, 278, 228, 128, 248, 262, 114, 156, 84, 283
25nic2, non-improving cycles, 25, 700753.4997308658, 1.163870441, 249, 221, 244, 121, 256, 286, 175, 160, 48, 289
26nic2, non-improving cycles, 26, 683213.9852950922, 1.528079695, 221, 253, 156, 116, 260, 296, 117, 158, 0, 286
27nic2, non-improving cycles, 27, 708716.0945055492, 1.263903796, 229, 271, 241, 70, 262, 264, 97, 132, 0, 287
28nic2, non-improving cycles, 28, 727518.1752767904, 1.719517073, 225, 280, 245, 109, 267, 257, 115, 144, 76, 273
29nic2, non-improving cycles, 29, 696743.1929291708, 1.554829739, 223, 267, 216, 77, 258, 257, 108, 151, 6, 286
30nic2, non-improving cycles, 30, 712406.4731306446, 2.546321037, 142, 239, 166, 41, 253, 288, 83, 137, 67, 265
31nic2, non-improving cycles, 31, 700830.8729841588, 3.119863499, 214, 265, 229, 92, 259, 251, 115, 139, 0, 284
32nic2, non-improving cycles, 32, 732659.6359966572, 2.076307865, 237, 282, 235, 109, 268, 276, 95, 134, 0, 284
33nic2, non-improving cycles, 33, 702552.842612116, 2.591058256, 168, 278, 228, 130, 262, 265, 92, 168, 105, 290
34nic2, non-improving cycles, 34, 719926.7892568589, 2.391925696, 194, 225, 187, 114, 231, 265, 66, 133, 0, 254
35nic2, non-improving cycles, 35, 717978.7315416941, 1.862872289, 164, 266, 190, 79, 257, 246, 98, 143, 92, 267
36nic2, non-improving cycles, 36, 699974.1754419501, 3.610698033, 216, 275, 240, 115, 264, 258, 137, 159, 0, 289
37nic2, non-improving cycles, 37, 702865.0212425569, 3.158647836, 200, 277, 238, 109, 262, 270, 176, 148, 6, 276
38nic2, non-improving cycles, 38, 740381.819223186, 2.065000044, 190, 241, 245, 0, 267, 303, 39, 128, 55, 291
39nic2, non-improving cycles, 39, 693655.1595246692, 4.221746926, 197, 241, 224, 29, 252, 281, 171, 153, 0, 276
40nic2, non-improving cycles, 40, 678392.6760490595, 1.675484664, 206, 268, 173, 83, 261, 294, 137, 159, 67, 282
41nic2, non-improving cycles, 41, 709959.59462889, 1.655553781, 181, 271, 232, 104, 250, 256, 42, 142, 0, 277
42nic2, non-improving cycles, 42, 689191.6331333064, 1.750062571, 203, 238, 214, 0, 250, 282, 132, 153, 15, 276
43nic2, non-improving cycles, 43, 681950.4603387739, 2.741682578, 214, 262, 198, 101, 258, 290, 112, 152, 0, 275
44nic2, non-improving cycles, 44, 693898.5023142681, 2.049743852, 221, 263, 233, 110, 253, 257, 193, 152, 0, 273
45nic2, non-improving cycles, 45, 686750.336371412, 4.275815615, 177, 265, 230, 55, 260, 294, 107, 144, 50, 281
46nic2, non-improving cycles, 46, 696299.5459990882, 2.43787919, 213, 267, 206, 95, 259, 260, 113, 142, 0, 284
47nic2, non-improving cycles, 47, 700609.1401926593, 4.362502119, 208, 163, 186, 129, 256, 291, 30, 156, 0, 279
48nic2, non-improving cycles, 48, 683906.3658199036, 2.343974551, 204, 249, 231, 124, 247, 282, 137, 157, 0, 278
49nic2, non-improving cycles, 49, 717111.5057563409, 2.979847204, 213, 275, 218, 114, 247, 266, 179, 135, 0, 270
50nic2, non-improving cycles, 50, 706503.1307609307, 1.973216164, 204, 263, 217, 70, 243, 255, 111, 145, 0, 266
51nic2, non-improving cycles, 52, 719445.2001583788, 2.642477498, 115, 261, 235, 92, 256, 253, 78, 142, 50, 267
52nic2, non-improving cycles, 54, 691078.6784698621, 6.263265239, 185, 261, 226, 116, 257, 291, 55, 140, 63, 285
53nic2, non-improving cycles, 56, 710092.1618187432, 3.378808636, 147, 273, 204, 87, 258, 262, 24, 141, 78, 272
54nic2, non-improving cycles, 58, 707140.9592099946, 5.676396677, 161, 270, 222, 125, 267, 301, 141, 163, 0, 289
55nic2, non-improving cycles, 60, 699537.752356071, 3.456105983, 148, 263, 210, 95, 250, 294, 122, 146, 30, 275
56nic2, non-improving cycles, 62, 692249.7759441799, 8.441593602, 192, 253, 225, 52, 245, 279, 124, 148, 0, 270
57nic2, non-improving cycles, 64, 699988.8727337661, 2.784975536, 152, 274, 235, 108, 250, 268, 119, 151, 74, 273
58nic2, non-improving cycles, 66, 691008.1984448677, 5.258487741, 229, 181, 190, 15, 260, 291, 0, 161, 98, 283
59nic2, non-improving cycles, 68, 706305.0878999257, 3.403005658, 116, 268, 210, 39, 252, 262, 82, 157, 0, 278
60nic2, non-improving cycles, 70, 694471.6778967088, 4.224557931, 157, 258, 237, 134, 244, 287, 171, 158, 84, 280
61nic2, non-improving cycles, 72, 726911.6698743902, 3.542819172, 147, 256, 223, 81, 248, 285, 92, 114, 0, 267
62nic2, non-improving cycles, 74, 695853.1492921441, 6.131683321, 223, 273, 232, 100, 258, 258, 48, 144, 0, 281
63nic2, non-improving cycles, 76, 686708.2762880551, 5.322454045, 222, 276, 211, 80, 257, 266, 131, 161, 0, 285
64nic2, non-improving cycles, 78, 703558.9976919466, 6.311103691, 247, 214, 228, 90, 227, 292, 87, 161, 0, 282
65nic2, non-improving cycles, 80, 713878.3272251002, 4.564423749, 134, 208, 222, 106, 252, 265, 179, 152, 0, 277
66nic2, non-improving cycles, 82, 692987.3124488585, 3.762386259, 201, 245, 212, 102, 250, 280, 120, 144, 0, 273
67nic2, non-improving cycles, 84, 694992.1529927042, 7.056702548, 184, 274, 231, 152, 263, 259, 94, 164, 58, 285
68nic2, non-improving cycles, 86, 692144.6118583723, 4.476966099, 214, 252, 199, 119, 250, 284, 171, 147, 0, 272
69nic2, non-improving cycles, 88, 705356.0420097206, 5.876142021, 211, 267, 184, 57, 251, 261, 73, 139, 0, 276
70nic2, non-improving cycles, 90, 690218.592781597, 7.277085537, 219, 277, 215, 77, 260, 271, 111, 159, 0, 285
71nic2, non-improving cycles, 92, 696573.1412475305, 11.236278856, 173, 257, 193, 9, 257, 292, 39, 145, 48, 274
72nic2, non-improving cycles, 94, 696871.3512116332, 5.459508062, 182, 251, 163, 50, 256, 294, 0, 150, 34, 283
73nic2, non-improving cycles, 96, 693523.7649106269, 5.774511815, 191, 231, 221, 120, 247, 272, 127, 157, 0, 278
74nic2, non-improving cycles, 98, 693978.4242342438, 7.276971908, 215, 271, 200, 76, 255, 264, 82, 149, 0, 278
75nic2, non-improving cycles, 100, 693955.4871270705, 8.935391486, 162, 246, 231, 92, 257, 281, 130, 163, 36, 287
76nic2, non-improving cycles, 104, 686117.5717781007, 4.463743782, 175, 265, 221, 113, 251, 292, 62, 154, 31, 282
77nic2, non-improving cycles, 108, 694376.906423589, 6.373498903, 201, 263, 227, 0, 245, 290, 113, 144, 63, 280
78nic2, non-improving cycles, 112, 679485.4590422165, 7.792961649, 231, 273, 235, 0, 261, 264, 138, 163, 103, 285
79nic2, non-improving cycles, 116, 703609.9299696235, 5.022348807, 194, 274, 220, 48, 242, 266, 83, 155, 0, 282
80nic2, non-improving cycles, 120, 707926.48149092, 10.368099944, 208, 258, 234, 95, 255, 291, 122, 129, 0, 264
81nic2, non-improving cycles, 124, 680756.9520326206, 12.19137314, 224, 259, 160, 137, 259, 291, 227, 154, 61, 284
82nic2, non-improving cycles, 128, 686955.8522024809, 14.099242071, 159, 269, 187, 109, 259, 263, 128, 160, 95, 283
83nic2, non-improving cycles, 132, 689197.0784821953, 17.515368833, 223, 269, 230, 84, 254, 263, 118, 150, 0, 273
84nic2, non-improving cycles, 136, 699478.0553172728, 6.009383544, 138, 260, 237, 106, 260, 287, 164, 147, 49, 275
85nic2, non-improving cycles, 140, 694916.4528295987, 12.039304332, 236, 202, 224, 127, 262, 286, 112, 155, 0, 282
86nic2, non-improving cycles, 144, 679954.685035408, 7.610091925, 245, 200, 227, 85, 257, 286, 99, 163, 16, 285
87nic2, non-improving cycles, 148, 710019.5825371649, 7.459566969, 206, 242, 205, 115, 241, 281, 175, 137, 0, 263
88nic2, non-improving cycles, 152, 695618.5722599975, 9.645648335, 174, 262, 171, 108, 258, 247, 71, 161, 80, 283
89nic2, non-improving cycles, 156, 689331.1196935205, 10.063923897, 203, 275, 240, 127, 258, 262, 74, 152, 0, 283
90nic2, non-improving cycles, 160, 680316.0309021927, 19.329663469, 215, 274, 238, 120, 258, 267, 132, 157, 0, 281
91nic2, non-improving cycles, 164, 693517.1799962277, 7.02035966, 173, 239, 229, 88, 254, 293, 37, 149, 18, 283
92nic2, non-improving cycles, 168, 671309.1772474975, 7.324334653, 215, 254, 233, 91, 259, 287, 130, 163, 0, 284
93nic2, non-improving cycles, 172, 686538.0554021632, 11.866838743, 170, 257, 236, 104, 262, 294, 127, 160, 0, 285
94nic2, non-improving cycles, 176, 684315.6921378616, 16.996853599, 187, 246, 216, 117, 252, 286, 80, 158, 0, 279
95nic2, non-improving cycles, 180, 693715.9396671241, 12.674137008, 246, 212, 235, 82, 257, 281, 8, 149, 0, 278
96nic2, non-improving cycles, 184, 686895.5220064581, 11.78996069, 166, 274, 210, 104, 259, 260, 82, 159, 98, 284
97nic2, non-improving cycles, 188, 693153.3595560563, 9.361715402, 181, 271, 216, 104, 253, 261, 98, 157, 0, 278
98nic2, non-improving cycles, 192, 686934.2902761553, 7.934981026, 196, 257, 228, 54, 258, 286, 115, 147, 59, 274
99nic2, non-improving cycles, 196, 685491.2562364021, 16.322192652, 224, 275, 240, 100, 256, 265, 121, 150, 57, 280
100nic2, non-improving cycles, 200, 694398.4915340284, 8.754735329, 222, 260, 206, 63, 245, 295, 139, 162, 0, 287
1nic3, non-improving cycles, 1, 897444.5365898289, 0.034389514, 159, 209, 165, 83, 194, 196, 24, 112, 0, 96
2nic3, non-improving cycles, 2, 704916.5650688407, 0.191213148, 193, 273, 197, 21, 257, 257, 94, 163, 65, 288
3nic3, non-improving cycles, 3, 805114.5532840929, 0.104179344, 182, 221, 186, 63, 217, 175, 64, 102, 0, 241
4nic3, non-improving cycles, 4, 763867.7332575705, 0.144576526, 252, 139, 218, 111, 264, 291, 121, 184, 0, 157
5nic3, non-improving cycles, 5, 684077.5306055278, 0.210683425, 195, 262, 222, 85, 255, 290, 124, 149, 0, 276
6nic3, non-improving cycles, 6, 748549.3309968123, 0.465321223, 86, 274, 234, 75, 264, 257, 197, 138, 15, 286
7nic3, non-improving cycles, 7, 691609.4238837515, 0.458855924, 219, 273, 236, 140, 249, 263, 105, 152, 0, 283
8nic3, non-improving cycles, 8, 708307.8274448025, 0.480981354, 229, 260, 241, 131, 266, 299, 176, 142, 82, 290
9nic3, non-improving cycles, 9, 724757.510014751, 0.470266198, 203, 148, 210, 111, 237, 269, 96, 139, 0, 260
10nic3, non-improving cycles, 10, 700738.0725831259, 1.053780698, 177, 254, 130, 107, 256, 284, 221, 158, 68, 286
11nic3, non-improving cycles, 11, 695660.2610396348, 0.706721134, 187, 234, 228, 52, 259, 289, 97, 143, 31, 273
12nic3, non-improving cycles, 12, 707979.9691139641, 1.290227973, 217, 145, 216, 97, 250, 281, 0, 153, 48, 274
13nic3, non-improving cycles, 13, 693134.0206339459, 1.672213768, 161, 248, 242, 147, 254, 297, 86, 159, 92, 280
14nic3, non-improving cycles, 14, 708230.5052216506, 0.975964952, 190, 241, 173, 94, 249, 270, 103, 133, 65, 274
15nic3, non-improving cycles, 15, 711403.0649146627, 0.799865876, 191, 263, 208, 25, 245, 253, 0, 144, 80, 267
16nic3, non-improving cycles, 16, 712268.281134887, 1.266029921, 132, 265, 236, 66, 263, 251, 121, 163, 37, 287
17nic3, non-improving cycles, 17, 713631.389645421, 1.153840627, 133, 256, 216, 148, 258, 249, 83, 165, 165, 286
18nic3, non-improving cycles, 18, 699050.800015941, 2.358327416, 165, 274, 241, 0, 262, 267, 91, 157, 38, 286
19nic3, non-improving cycles, 19, 702338.3464068236, 2.113032403, 215, 188, 232, 62, 252, 258, 72, 156, 0, 278
20nic3, non-improving cycles, 20, 710838.4064961991, 1.591268987, 239, 211, 242, 153, 269, 296, 92, 167, 94, 289
21nic3, non-improving cycles, 21, 712379.7995996138, 1.362644953, 182, 267, 184, 78, 255, 254, 55, 143, 16, 264
22nic3, non-improving cycles, 22, 712411.3639581332, 2.40064099, 141, 276, 239, 72, 260, 303, 120, 172, 63, 293
23nic3, non-improving cycles, 23, 695682.8220266986, 1.695208725, 218, 276, 215, 6, 261, 264, 124, 152, 0, 282
24nic3, non-improving cycles, 24, 705639.1306668201, 2.44698211, 143, 275, 228, 73, 256, 269, 121, 142, 73, 272
25nic3, non-improving cycles, 25, 679918.8240355086, 3.903423749, 167, 264, 222, 127, 256, 293, 95, 156, 94, 277
26nic3, non-improving cycles, 26, 689136.9631501858, 1.967276541, 197, 243, 216, 84, 254, 270, 101, 156, 0, 277
27nic3, non-improving cycles, 27, 717584.245563301, 1.871238105, 257, 224, 231, 102, 260, 251, 0, 123, 53, 285
28nic3, non-improving cycles, 28, 717173.9798579405, 1.742857524, 145, 273, 236, 51, 258, 265, 109, 130, 151, 279
29nic3, non-improving cycles, 29, 696644.2513390597, 2.659220644, 191, 277, 238, 71, 262, 255, 126, 168, 102, 289
30nic3, non-improving cycles, 30, 718859.1800905317, 2.610104594, 181, 254, 190, 0, 244, 248, 100, 136, 76, 262
31nic3, non-improving cycles, 31, 724853.9762933856, 1.961775492, 71, 269, 202, 55, 256, 262, 112, 151, 0, 274
32nic3, non-improving cycles, 32, 706173.6647818394, 2.371064301, 171, 247, 198, 123, 247, 273, 164, 140, 63, 270
33nic3, non-improving cycles, 33, 700605.0495298365, 2.472169831, 222, 272, 198, 40, 259, 256, 98, 146, 0, 273
34nic3, non-improving cycles, 34, 712041.6495868411, 2.109993609, 220, 185, 217, 0, 251, 286, 144, 135, 65, 273
35nic3, non-improving cycles, 35, 713198.5437878869, 1.845250127, 227, 259, 224, 0, 269, 289, 195, 173, 15, 294
36nic3, non-improving cycles, 36, 740500.9907904583, 4.165817902, 205, 285, 247, 145, 261, 250, 91, 160, 49, 285
37nic3, non-improving cycles, 37, 715055.9222114974, 3.307403907, 216, 128, 242, 54, 262, 292, 108, 154, 0, 284
38nic3, non-improving cycles, 38, 707697.9613311377, 3.3390644, 186, 266, 210, 126, 249, 259, 78, 138, 0, 273
39nic3, non-improving cycles, 39, 703680.8087421727, 3.081795321, 119, 270, 200, 91, 253, 255, 129, 160, 47, 281
40nic3, non-improving cycles, 40, 705592.9846932755, 2.939628686, 207, 275, 246, 151, 271, 304, 128, 173, 105, 296
41nic3, non-improving cycles, 41, 698781.5298022046, 3.896157115, 249, 216, 231, 47, 257, 285, 111, 134, 0, 279
42nic3, non-improving cycles, 42, 707311.140760205, 2.985250119, 222, 140, 217, 124, 252, 284, 89, 151, 0, 272
43nic3, non-improving cycles, 43, 684649.6485278553, 2.649565877, 176, 263, 221, 123, 257, 296, 128, 157, 41, 279
44nic3, non-improving cycles, 44, 698318.0639865154, 1.814121357, 218, 269, 220, 122, 254, 263, 176, 144, 0, 272
45nic3, non-improving cycles, 45, 688730.3239401628, 4.624662062, 203, 265, 240, 27, 260, 249, 143, 164, 64, 286
46nic3, non-improving cycles, 46, 697448.125353337, 3.207236697, 226, 274, 180, 117, 261, 259, 76, 151, 0, 281
47nic3, non-improving cycles, 47, 682324.1270874797, 4.147619622, 214, 259, 233, 98, 251, 295, 93, 153, 78, 278
48nic3, non-improving cycles, 48, 717564.2505773781, 2.292032494, 224, 260, 220, 0, 251, 212, 126, 147, 43, 272
49nic3, non-improving cycles, 49, 714049.6257904731, 2.849735039, 203, 144, 221, 93, 247, 273, 103, 148, 0, 273
50nic3, non-improving cycles, 50, 667621.4032465434, 3.777232551, 228, 267, 236, 119, 259, 293, 136, 160, 0, 285
51nic3, non-improving cycles, 52, 704467.2502077359, 2.281313504, 154, 273, 235, 93, 252, 263, 120, 142, 50, 280
52nic3, non-improving cycles, 54, 686337.2494083502, 3.63297554, 189, 258, 218, 0, 250, 296, 124, 164, 54, 286
53nic3, non-improving cycles, 56, 680701.0353316594, 4.186734828, 223, 264, 242, 0, 262, 292, 143, 163, 153, 286
54nic3, non-improving cycles, 58, 716192.4817244417, 3.583949417, 266, 225, 233, 105, 260, 299, 108, 129, 0, 284
55nic3, non-improving cycles, 60, 693337.0630572999, 3.709546387, 203, 259, 198, 120, 253, 253, 91, 158, 57, 284
56nic3, non-improving cycles, 62, 697783.1411517274, 2.482318069, 153, 237, 159, 91, 249, 282, 112, 151, 76, 275
57nic3, non-improving cycles, 64, 687810.3614445229, 7.18799092, 205, 265, 194, 131, 259, 291, 142, 145, 30, 285
58nic3, non-improving cycles, 66, 698130.8748687041, 3.976213855, 219, 257, 230, 111, 251, 283, 191, 135, 0, 273
59nic3, non-improving cycles, 68, 695653.8347485138, 7.487064452, 151, 232, 219, 137, 250, 293, 159, 157, 66, 280
60nic3, non-improving cycles, 70, 684988.754711513, 8.794585169, 225, 266, 233, 64, 255, 256, 102, 161, 0, 282
61nic3, non-improving cycles, 72, 690678.6853819552, 3.279689053, 222, 266, 205, 82, 257, 259, 99, 154, 0, 275
62nic3, non-improving cycles, 74, 683907.1458950844, 4.191587648, 204, 272, 229, 87, 260, 266, 105, 158, 0, 279
63nic3, non-improving cycles, 76, 703309.4095204391, 7.168440368, 216, 166, 192, 77, 252, 284, 78, 154, 0, 280
64nic3, non-improving cycles, 78, 706114.9460639746, 3.718694982, 130, 266, 229, 109, 257, 239, 73, 156, 64, 282
65nic3, non-improving cycles, 80, 687764.3814127625, 3.692601261, 212, 249, 224, 89, 259, 285, 114, 143, 0, 284
66nic3, non-improving cycles, 82, 703904.8821173427, 4.224951121, 203, 274, 232, 108, 259, 234, 204, 153, 0, 280
67nic3, non-improving cycles, 84, 688059.4437201736, 5.562508698, 186, 253, 227, 84, 256, 279, 168, 158, 0, 280
68nic3, non-improving cycles, 86, 701092.4595275308, 5.722020841, 162, 275, 214, 53, 255, 261, 117, 153, 64, 286
69nic3, non-improving cycles, 88, 679216.0802353304, 3.875827799, 208, 260, 234, 17, 260, 292, 109, 151, 80, 278
70nic3, non-improving cycles, 90, 701604.3777839696, 4.610359194, 209, 255, 184, 107, 262, 300, 102, 161, 138, 288
71nic3, non-improving cycles, 92, 691965.3502467866, 4.133607224, 200, 271, 236, 126, 260, 247, 92, 153, 47, 281
72nic3, non-improving cycles, 94, 703373.8017424752, 6.120093846, 146, 245, 224, 119, 244, 279, 121, 142, 0, 269
73nic3, non-improving cycles, 96, 689454.9791447145, 7.329572097, 219, 193, 220, 123, 259, 295, 102, 145, 67, 285
74nic3, non-improving cycles, 98, 686090.7669398807, 4.437229514, 190, 228, 237, 82, 256, 279, 136, 158, 0, 283
75nic3, non-improving cycles, 100, 690731.6928327691, 6.920581148, 193, 276, 217, 118, 259, 267, 90, 156, 35, 282
76nic3, non-improving cycles, 104, 675026.829196804, 7.249771391, 188, 254, 231, 147, 258, 293, 130, 159, 0, 282
77nic3, non-improving cycles, 108, 683702.8312923454, 7.953740683, 195, 271, 222, 115, 256, 264, 101, 160, 0, 281
78nic3, non-improving cycles, 112, 682942.3068217441, 5.923757343, 199, 257, 239, 76, 261, 287, 115, 154, 25, 286
79nic3, non-improving cycles, 116, 706165.0783110873, 9.717107386, 223, 269, 238, 0, 256, 215, 128, 156, 56, 283
80nic3, non-improving cycles, 120, 692841.4572140791, 10.233592361, 203, 268, 235, 147, 250, 255, 168, 159, 0, 280
81nic3, non-improving cycles, 124, 688828.8459440393, 10.498407114, 246, 219, 221, 97, 257, 286, 64, 148, 0, 277
82nic3, non-improving cycles, 128, 699739.6434505191, 6.066690056, 259, 218, 206, 60, 253, 248, 105, 151, 0, 278
83nic3, non-improving cycles, 132, 687838.0090094861, 9.850627117, 219, 275, 227, 126, 249, 263, 99, 161, 0, 285
84nic3, non-improving cycles, 136, 701313.4007754937, 12.168905331, 209, 263, 210, 121, 248, 249, 96, 146, 0, 271
85nic3, non-improving cycles, 140, 702181.37658629, 6.57218898, 166, 272, 191, 33, 264, 298, 66, 155, 72, 283
86nic3, non-improving cycles, 144, 698079.1318177741, 6.910073589, 104, 234, 223, 0, 259, 287, 141, 163, 43, 285
87nic3, non-improving cycles, 148, 690328.1369508364, 15.518875767, 221, 275, 228, 134, 258, 254, 118, 152, 0, 281
88nic3, non-improving cycles, 152, 684241.2325801798, 20.043719973, 213, 269, 182, 142, 260, 262, 0, 161, 87, 285
89nic3, non-improving cycles, 156, 687710.9051034157, 7.604611008, 183, 269, 229, 133, 256, 296, 196, 159, 189, 285
90nic3, non-improving cycles, 160, 694006.5357280115, 17.731637009, 188, 252, 198, 128, 258, 246, 137, 158, 33, 283
91nic3, non-improving cycles, 164, 691257.5641283402, 10.087759876, 156, 259, 213, 25, 257, 292, 65, 148, 55, 283
92nic3, non-improving cycles, 168, 681942.220375056, 6.773477406, 202, 274, 231, 138, 259, 263, 74, 165, 65, 286
93nic3, non-improving cycles, 172, 697585.4860255648, 7.339883287, 186, 276, 156, 97, 253, 264, 124, 164, 0, 286
94nic3, non-improving cycles, 176, 690308.6138815432, 8.437559945, 246, 188, 214, 106, 256, 292, 124, 150, 0, 276
95nic3, non-improving cycles, 180, 692480.1426753609, 9.852034506, 188, 274, 241, 121, 262, 258, 131, 161, 0, 287
96nic3, non-improving cycles, 184, 683734.7732518725, 7.869281722, 228, 273, 232, 140, 258, 263, 112, 152, 0, 281
97nic3, non-improving cycles, 188, 699452.2050993866, 7.597139223, 168, 261, 234, 134, 259, 234, 101, 155, 87, 284
98nic3, non-improving cycles, 192, 688230.9224509133, 13.214676096, 194, 260, 233, 127, 255, 288, 137, 161, 0, 287
99nic3, non-improving cycles, 196, 690455.9872992053, 10.009084981, 180, 226, 140, 119, 259, 294, 99, 154, 90, 281
100nic3, non-improving cycles, 200, 675696.0264865025, 10.072877708, 219, 255, 204, 92, 257, 291, 123, 157, 0, 282
1nic4, non-improving cycles, 1, 841100.6653358394, 0.03782375, 233, 295, 252, 130, 279, 272, 164, 210, 91, 194
2nic4, non-improving cycles, 2, 710062.7330613342, 0.223428407, 154, 259, 230, 114, 254, 288, 23, 128, 0, 278
3nic4, non-improving cycles, 3, 755551.7271260582, 0.117043881, 119, 168, 209, 85, 225, 259, 98, 129, 0, 260
4nic4, non-improving cycles, 4, 810480.5261006202, 0.217522336, 200, 235, 164, 0, 230, 162, 25, 119, 162, 243
5nic4, non-improving cycles, 5, 692642.1463712796, 0.249412895, 217, 180, 239, 124, 259, 291, 155, 150, 60, 281
6nic4, non-improving cycles, 6, 728912.3602980861, 0.32987687, 204, 243, 209, 59, 234, 272, 68, 119, 0, 253
7nic4, non-improving cycles, 7, 694987.1398895213, 0.856230555, 179, 256, 232, 109, 244, 284, 20, 156, 151, 277
8nic4, non-improving cycles, 8, 701037.674937862, 0.641283343, 188, 273, 208, 112, 246, 255, 135, 156, 0, 280
9nic4, non-improving cycles, 9, 724615.1400273342, 0.860489702, 181, 258, 223, 90, 270, 298, 53, 175, 89, 297
10nic4, non-improving cycles, 10, 736651.8957803398, 0.645428295, 239, 281, 235, 111, 277, 308, 147, 174, 117, 298
11nic4, non-improving cycles, 11, 718404.4451993795, 1.109525409, 165, 277, 227, 131, 266, 238, 123, 167, 58, 291
12nic4, non-improving cycles, 12, 715098.9598370226, 1.482169871, 112, 246, 245, 97, 265, 296, 66, 160, 0, 290
13nic4, non-improving cycles, 13, 732627.0334057788, 1.004392923, 180, 241, 208, 75, 232, 231, 109, 133, 0, 260
14nic4, non-improving cycles, 14, 720680.8873029585, 0.617145256, 155, 195, 143, 106, 250, 283, 246, 159, 17, 283
15nic4, non-improving cycles, 15, 706825.173572302, 1.386407053, 127, 258, 233, 61, 253, 285, 94, 140, 0, 271
16nic4, non-improving cycles, 16, 697807.3819984561, 0.649808269, 162, 263, 223, 61, 241, 291, 90, 155, 0, 281
17nic4, non-improving cycles, 17, 722314.8092878968, 1.305880423, 137, 266, 230, 87, 263, 259, 110, 164, 34, 291
18nic4, non-improving cycles, 18, 710081.7766231745, 0.889306738, 154, 236, 225, 57, 247, 271, 88, 139, 16, 273
19nic4, non-improving cycles, 19, 736366.3700271, 0.8894431, 175, 226, 191, 113, 220, 255, 56, 132, 0, 253
20nic4, non-improving cycles, 20, 736511.139147046, 1.505870353, 193, 259, 202, 101, 244, 242, 78, 119, 0, 252
21nic4, non-improving cycles, 21, 706928.5237800747, 1.501492593, 160, 273, 209, 55, 256, 262, 102, 141, 0, 283
22nic4, non-improving cycles, 22, 696957.3327043795, 0.976439197, 207, 258, 174, 35, 252, 287, 116, 141, 0, 273
23nic4, non-improving cycles, 23, 713158.0458161527, 0.910728022, 188, 277, 224, 72, 256, 271, 114, 137, 0, 283
24nic4, non-improving cycles, 24, 719841.5012829517, 1.738266378, 175, 219, 157, 0, 257, 253, 99, 150, 170, 283
25nic4, non-improving cycles, 25, 691583.6213042617, 1.71177945, 163, 273, 205, 96, 258, 266, 125, 165, 0, 286
26nic4, non-improving cycles, 26, 691994.3687879543, 1.374427552, 191, 224, 232, 36, 258, 285, 108, 152, 123, 279
27nic4, non-improving cycles, 27, 685788.3833351232, 3.636903567, 157, 261, 222, 118, 253, 294, 130, 151, 83, 283
28nic4, non-improving cycles, 28, 721233.2634525886, 1.205021805, 269, 243, 236, 80, 260, 225, 106, 137, 0, 258
29nic4, non-improving cycles, 29, 705744.9137833416, 1.90974836, 224, 273, 225, 93, 263, 300, 109, 140, 79, 281
30nic4, non-improving cycles, 30, 686291.1490789272, 2.977090523, 222, 186, 233, 147, 260, 273, 157, 164, 50, 285
31nic4, non-improving cycles, 31, 693417.0056787222, 1.774241532, 245, 181, 233, 98, 259, 286, 66, 152, 0, 276
32nic4, non-improving cycles, 32, 684625.5820110084, 2.978683733, 217, 256, 218, 0, 249, 282, 61, 156, 74, 278
33nic4, non-improving cycles, 33, 700564.9455990281, 3.4584554, 183, 236, 226, 132, 245, 263, 101, 148, 4, 270
34nic4, non-improving cycles, 34, 698028.3231977796, 3.126245747, 261, 234, 216, 96, 264, 298, 110, 152, 0, 277
35nic4, non-improving cycles, 35, 692078.9189814813, 2.60168755, 167, 261, 207, 73, 243, 291, 114, 157, 87, 285
36nic4, non-improving cycles, 36, 698959.5215705028, 1.384235777, 209, 271, 163, 0, 256, 297, 40, 154, 78, 276
37nic4, non-improving cycles, 37, 717898.502794063, 2.456030561, 215, 266, 202, 0, 255, 256, 95, 124, 58, 269
38nic4, non-improving cycles, 38, 704362.4320249443, 2.651503726, 198, 270, 232, 144, 248, 258, 68, 163, 0, 287
39nic4, non-improving cycles, 39, 695113.4643418717, 3.424262701, 230, 274, 201, 98, 261, 267, 123, 168, 0, 289
40nic4, non-improving cycles, 40, 701621.6038906504, 2.616351488, 163, 267, 237, 132, 257, 257, 126, 148, 0, 270
41nic4, non-improving cycles, 41, 692215.5031870941, 2.588604238, 196, 244, 198, 0, 253, 287, 61, 148, 63, 275
42nic4, non-improving cycles, 42, 731852.8234937487, 1.787908482, 133, 253, 209, 0, 239, 246, 56, 133, 60, 259
43nic4, non-improving cycles, 43, 700132.91258101, 4.452791028, 191, 236, 220, 129, 241, 279, 118, 143, 0, 267
44nic4, non-improving cycles, 44, 720742.8280981466, 2.054977942, 196, 273, 213, 120, 248, 244, 100, 133, 0, 279
45nic4, non-improving cycles, 45, 707243.4646302088, 1.930345945, 181, 270, 234, 109, 258, 251, 137, 145, 57, 266
46nic4, non-improving cycles, 46, 680165.0267701445, 2.704250649, 209, 259, 236, 139, 249, 286, 185, 161, 65, 284
47nic4, non-improving cycles, 47, 695988.7571874954, 2.467819862, 216, 276, 238, 69, 254, 266, 122, 150, 73, 275
48nic4, non-improving cycles, 48, 696727.048211019, 2.780811199, 199, 271, 225, 121, 256, 244, 191, 157, 0, 281
49nic4, non-improving cycles, 49, 710755.77320522, 2.821341271, 222, 272, 201, 0, 252, 263, 39, 144, 169, 267
50nic4, non-improving cycles, 50, 708352.0669592032, 4.224962973, 138, 246, 214, 121, 244, 278, 88, 142, 0, 264
51nic4, non-improving cycles, 52, 697232.5042601675, 2.527797937, 195, 268, 200, 119, 251, 262, 116, 147, 0, 277
52nic4, non-improving cycles, 54, 686069.5015115499, 2.498706594, 218, 252, 197, 110, 250, 285, 119, 158, 118, 283
53nic4, non-improving cycles, 56, 678944.2255249019, 3.775065812, 184, 227, 238, 39, 255, 293, 128, 161, 84, 282
54nic4, non-improving cycles, 58, 699267.6107833176, 5.750113642, 200, 262, 234, 65, 252, 251, 179, 154, 0, 279
55nic4, non-improving cycles, 60, 695134.3773016557, 4.323971705, 265, 239, 235, 59, 261, 296, 87, 139, 0, 269
56nic4, non-improving cycles, 62, 707300.7944557345, 4.034060104, 212, 264, 214, 94, 248, 250, 109, 136, 42, 268
57nic4, non-improving cycles, 64, 682549.7579187904, 4.509360552, 262, 169, 233, 104, 260, 296, 140, 161, 85, 283
58nic4, non-improving cycles, 66, 698225.9953944124, 4.287538497, 168, 271, 226, 43, 249, 265, 109, 152, 65, 284
59nic4, non-improving cycles, 68, 685235.4850523556, 4.010249538, 207, 246, 205, 14, 259, 294, 138, 160, 0, 286
60nic4, non-improving cycles, 70, 685856.8009813989, 4.052303265, 211, 245, 202, 76, 258, 289, 26, 165, 0, 286
61nic4, non-improving cycles, 72, 708877.5971940908, 3.119469448, 191, 234, 132, 113, 264, 298, 258, 167, 54, 288
62nic4, non-improving cycles, 74, 705766.8587773555, 5.578901954, 211, 183, 220, 0, 247, 290, 37, 155, 105, 278
63nic4, non-improving cycles, 76, 697634.9999265784, 6.352297621, 204, 268, 233, 98, 252, 257, 126, 147, 0, 268
64nic4, non-improving cycles, 78, 698675.8269177803, 6.009304585, 115, 272, 238, 103, 258, 258, 138, 159, 49, 280
65nic4, non-improving cycles, 80, 695507.3825911889, 6.591540528, 194, 256, 199, 92, 260, 295, 102, 141, 87, 275
66nic4, non-improving cycles, 82, 707781.9222182316, 3.878948983, 180, 271, 232, 0, 249, 264, 112, 140, 25, 278
67nic4, non-improving cycles, 84, 704642.1013957697, 4.680884696, 169, 262, 230, 33, 249, 252, 122, 144, 58, 276
68nic4, non-improving cycles, 86, 686758.2779043438, 3.914287441, 227, 275, 242, 85, 266, 301, 88, 169, 73, 291
69nic4, non-improving cycles, 88, 697714.6670148212, 6.500092833, 204, 261, 238, 36, 259, 251, 100, 147, 52, 277
70nic4, non-improving cycles, 90, 696515.0479284455, 7.070986421, 165, 234, 223, 147, 249, 272, 155, 158, 67, 279
71nic4, non-improving cycles, 92, 698994.9584032467, 8.529787936, 256, 230, 237, 122, 251, 299, 116, 154, 87, 288
72nic4, non-improving cycles, 94, 709595.1308029606, 5.191831724, 214, 260, 190, 60, 253, 251, 110, 135, 0, 278
73nic4, non-improving cycles, 96, 694934.1341104455, 8.063784081, 209, 261, 185, 0, 251, 288, 94, 142, 31, 275
74nic4, non-improving cycles, 98, 680565.2909150864, 8.734822505, 228, 260, 196, 130, 258, 293, 115, 166, 0, 287
75nic4, non-improving cycles, 100, 705115.1703715746, 6.101334727, 195, 262, 223, 110, 263, 293, 154, 142, 0, 288
76nic4, non-improving cycles, 104, 717345.1281264615, 5.944691297, 228, 280, 206, 80, 263, 270, 90, 148, 0, 273
77nic4, non-improving cycles, 108, 694493.80838528, 7.104854547, 155, 248, 231, 110, 250, 274, 121, 157, 0, 281
78nic4, non-improving cycles, 112, 686568.7547490577, 12.518940212, 209, 266, 238, 36, 256, 292, 97, 147, 38, 271
79nic4, non-improving cycles, 116, 693123.7734721075, 13.647299726, 190, 247, 229, 88, 249, 274, 118, 151, 18, 280
80nic4, non-improving cycles, 120, 685131.1137739571, 6.507360899, 213, 274, 230, 104, 259, 263, 123, 154, 0, 279
81nic4, non-improving cycles, 124, 685410.0681632087, 6.355650068, 225, 268, 195, 123, 256, 256, 136, 158, 0, 280
82nic4, non-improving cycles, 128, 684744.2269289109, 12.465309791, 209, 275, 236, 76, 259, 264, 59, 159, 0, 285
83nic4, non-improving cycles, 132, 690637.7462782171, 7.133727034, 170, 238, 212, 80, 257, 285, 97, 153, 0, 280
84nic4, non-improving cycles, 136, 702674.748079058, 5.64672105, 214, 263, 199, 0, 247, 256, 121, 143, 63, 269
85nic4, non-improving cycles, 140, 698798.1901634942, 5.880774847, 188, 275, 206, 0, 262, 257, 56, 161, 88, 284
86nic4, non-improving cycles, 144, 686627.5191307055, 7.027055914, 214, 262, 189, 1, 259, 291, 137, 158, 0, 286
87nic4, non-improving cycles, 148, 700184.8258189128, 14.613072653, 167, 270, 239, 109, 258, 248, 137, 158, 0, 286
88nic4, non-improving cycles, 152, 680545.9385014093, 16.039750388, 192, 250, 228, 109, 253, 288, 127, 162, 0, 285
89nic4, non-improving cycles, 156, 690183.335426477, 12.664579442, 205, 257, 208, 112, 252, 283, 93, 145, 0, 278
90nic4, non-improving cycles, 160, 680274.4220143748, 7.259576048, 219, 253, 218, 118, 256, 292, 197, 154, 25, 278
91nic4, non-improving cycles, 164, 692635.4391966899, 8.284516769, 219, 276, 210, 108, 256, 255, 171, 165, 0, 286
92nic4, non-improving cycles, 168, 675988.6816238007, 9.647796401, 258, 218, 214, 129, 260, 290, 111, 153, 70, 285
93nic4, non-improving cycles, 172, 701601.7102123974, 14.691139516, 152, 273, 188, 52, 255, 267, 82, 155, 0, 277
94nic4, non-improving cycles, 176, 697173.7062042758, 10.05615928, 245, 209, 192, 130, 257, 279, 122, 143, 0, 274
95nic4, non-improving cycles, 180, 702353.4318508105, 17.578142751, 186, 239, 226, 110, 257, 270, 46, 166, 34, 288
96nic4, non-improving cycles, 184, 688716.7657509674, 13.337939266, 223, 265, 209, 101, 259, 259, 119, 152, 0, 282
97nic4, non-improving cycles, 188, 690842.3620815743, 11.210981876, 199, 267, 240, 116, 256, 293, 115, 143, 161, 275
98nic4, non-improving cycles, 192, 689814.6711078363, 15.762302652, 192, 276, 239, 143, 261, 249, 91, 164, 0, 286
99nic4, non-improving cycles, 196, 684490.6133013421, 15.759706159, 211, 244, 230, 124, 260, 292, 78, 145, 46, 279
100nic4, non-improving cycles, 200, 682773.863375416, 13.69693387, 228, 176, 213, 101, 260, 296, 117, 164, 100, 286
1nic5, non-improving cycles, 1, 795898.9266582389, 0.039375421, 178, 223, 185, 81, 208, 209, 105, 102, 0, 226
2nic5, non-improving cycles, 2, 785903.0785132538, 0.110438101, 247, 149, 196, 92, 176, 285, 102, 150, 0, 276
3nic5, non-improving cycles, 3, 739287.9503086957, 0.101330828, 201, 248, 210, 91, 233, 238, 75, 115, 0, 258
4nic5, non-improving cycles, 4, 825432.9536258408, 0.1760153, 101, 202, 79, 20, 250, 173, 191, 128, 0, 261
5nic5, non-improving cycles, 5, 747956.342745624, 0.27515991, 228, 279, 229, 108, 261, 265, 128, 180, 0, 160
6nic5, non-improving cycles, 6, 700441.3447952075, 0.504467245, 156, 230, 219, 145, 256, 289, 78, 157, 44, 287
7nic5, non-improving cycles, 7, 695744.0447706531, 0.349668957, 232, 279, 212, 0, 265, 273, 126, 165, 84, 290
8nic5, non-improving cycles, 8, 776389.9462643033, 0.338073492, 151, 286, 240, 123, 281, 260, 124, 181, 111, 306
9nic5, non-improving cycles, 9, 752808.2088006464, 0.578159491, 106, 280, 163, 90, 245, 269, 97, 155, 43, 291
10nic5, non-improving cycles, 10, 705039.3037512848, 0.716255594, 185, 266, 205, 107, 250, 254, 119, 144, 0, 269
11nic5, non-improving cycles, 11, 717871.5690145178, 1.133050948, 207, 264, 202, 64, 243, 248, 75, 134, 0, 274
12nic5, non-improving cycles, 12, 707184.5748300134, 0.860798637, 149, 277, 207, 30, 261, 261, 64, 160, 0, 286
13nic5, non-improving cycles, 13, 683130.6052722498, 0.94803392, 228, 267, 225, 65, 245, 293, 131, 155, 65, 276
14nic5, non-improving cycles, 14, 690169.9547611098, 0.720291338, 164, 257, 214, 37, 261, 291, 122, 165, 0, 287
15nic5, non-improving cycles, 15, 714220.5626410095, 1.317682706, 199, 264, 204, 15, 246, 254, 114, 140, 0, 264
16nic5, non-improving cycles, 16, 734835.8555923668, 0.75765268, 166, 91, 233, 66, 253, 285, 133, 163, 0, 286
17nic5, non-improving cycles, 17, 696234.8468873198, 0.846821977, 257, 221, 204, 0, 254, 247, 63, 157, 82, 278
18nic5, non-improving cycles, 18, 753739.954368842, 0.827208475, 180, 224, 218, 154, 263, 307, 58, 173, 0, 300
19nic5, non-improving cycles, 19, 698116.0757095094, 0.865984753, 195, 259, 191, 22, 253, 289, 65, 143, 0, 273
20nic5, non-improving cycles, 20, 716669.9622135104, 1.733043151, 182, 266, 207, 52, 256, 244, 5, 144, 0, 285
21nic5, non-improving cycles, 21, 716502.6346883418, 1.015061563, 215, 274, 252, 112, 265, 307, 126, 171, 81, 297
22nic5, non-improving cycles, 22, 696993.3049282952, 1.862247298, 178, 279, 236, 113, 264, 269, 139, 165, 0, 288
23nic5, non-improving cycles, 23, 702560.0408638264, 1.417862281, 141, 242, 140, 121, 259, 288, 234, 157, 0, 283
24nic5, non-improving cycles, 24, 694576.0079788559, 1.290557064, 190, 267, 228, 107, 257, 259, 155, 153, 0, 282
25nic5, non-improving cycles, 25, 701637.4871565746, 3.172582182, 209, 275, 243, 149, 260, 253, 171, 163, 162, 288
26nic5, non-improving cycles, 26, 709562.5564749034, 1.445450978, 206, 279, 231, 99, 254, 267, 111, 155, 0, 289
27nic5, non-improving cycles, 27, 711650.2927385895, 1.43867078, 168, 240, 222, 117, 259, 272, 86, 166, 47, 290
28nic5, non-improving cycles, 28, 703231.9908877488, 3.005159068, 176, 275, 132, 122, 261, 266, 237, 158, 0, 286
29nic5, non-improving cycles, 29, 695294.5365382184, 3.485147186, 223, 257, 243, 0, 256, 292, 122, 161, 76, 289
30nic5, non-improving cycles, 30, 720721.5271987371, 2.076686707, 157, 254, 214, 99, 238, 291, 92, 133, 72, 265
31nic5, non-improving cycles, 31, 695246.9759279492, 1.859375097, 225, 269, 225, 0, 260, 263, 118, 146, 27, 272
32nic5, non-improving cycles, 32, 733891.0375902752, 1.665010715, 238, 271, 177, 94, 249, 217, 120, 137, 0, 273
33nic5, non-improving cycles, 33, 705761.4283868728, 1.56320245, 197, 249, 149, 73, 238, 275, 115, 143, 0, 265
34nic5, non-improving cycles, 34, 734287.2765792732, 1.617892309, 203, 281, 200, 0, 264, 244, 106, 164, 200, 292
35nic5, non-improving cycles, 35, 696236.2677563063, 2.027736052, 197, 236, 130, 113, 260, 282, 213, 154, 71, 284
36nic5, non-improving cycles, 36, 680798.0308514172, 2.707093053, 203, 257, 226, 110, 252, 285, 127, 157, 131, 281
37nic5, non-improving cycles, 37, 692556.4919012538, 1.578587109, 237, 197, 219, 103, 257, 286, 41, 150, 0, 281
38nic5, non-improving cycles, 38, 691648.7041926731, 3.983287917, 264, 227, 114, 0, 250, 295, 62, 161, 89, 285
39nic5, non-improving cycles, 39, 729346.9366997858, 2.269609078, 197, 245, 185, 100, 233, 236, 30, 134, 0, 258
40nic5, non-improving cycles, 40, 729619.1506575457, 2.319423872, 196, 257, 205, 31, 242, 247, 81, 127, 0, 252
41nic5, non-improving cycles, 41, 700739.2347284355, 2.519552391, 203, 235, 195, 21, 251, 271, 119, 141, 51, 277
42nic5, non-improving cycles, 42, 702696.5270697826, 1.729661028, 211, 176, 231, 96, 252, 284, 85, 145, 0, 278
43nic5, non-improving cycles, 43, 706359.8039449028, 3.748435861, 179, 236, 219, 16, 243, 277, 76, 143, 0, 270
44nic5, non-improving cycles, 44, 704308.9616330438, 3.769741173, 205, 252, 212, 111, 240, 280, 181, 140, 0, 271
45nic5, non-improving cycles, 45, 693757.644838222, 3.39444801, 163, 272, 236, 150, 257, 243, 136, 164, 0, 285
46nic5, non-improving cycles, 46, 693626.1449306795, 4.974607579, 207, 277, 222, 149, 256, 264, 138, 160, 0, 287
47nic5, non-improving cycles, 47, 684761.0654163014, 2.558699714, 249, 206, 226, 105, 257, 292, 128, 149, 0, 278
48nic5, non-improving cycles, 48, 697110.5757321322, 2.455819298, 144, 245, 232, 126, 250, 289, 112, 149, 8, 281
49nic5, non-improving cycles, 49, 703844.800491452, 3.756086659, 223, 274, 200, 79, 259, 264, 0, 139, 33, 272
50nic5, non-improving cycles, 50, 695432.7333044847, 2.379128907, 218, 271, 227, 85, 250, 265, 117, 147, 0, 276
51nic5, non-improving cycles, 52, 710879.8971514375, 7.259347479, 156, 261, 173, 0, 248, 291, 78, 146, 81, 286
52nic5, non-improving cycles, 54, 706705.4003161369, 2.943413634, 199, 231, 204, 60, 240, 262, 111, 144, 0, 266
53nic5, non-improving cycles, 56, 702156.5026115978, 3.871946518, 166, 265, 162, 121, 252, 249, 107, 157, 22, 279
54nic5, non-improving cycles, 58, 695942.3306933062, 4.155597292, 205, 247, 221, 106, 251, 276, 47, 140, 72, 278
55nic5, non-improving cycles, 60, 697160.951881435, 5.066596863, 169, 230, 227, 46, 247, 284, 110, 152, 163, 273
56nic5, non-improving cycles, 62, 691571.0374389021, 4.534168681, 232, 273, 235, 116, 262, 264, 146, 161, 0, 282
57nic5, non-improving cycles, 64, 693715.8233099675, 2.653018433, 264, 207, 211, 72, 252, 296, 115, 149, 46, 283
58nic5, non-improving cycles, 66, 697755.6354553972, 5.200019597, 145, 277, 207, 65, 262, 267, 117, 161, 67, 285
59nic5, non-improving cycles, 68, 693174.0615641044, 4.180547886, 211, 267, 157, 0, 254, 258, 88, 159, 70, 281
60nic5, non-improving cycles, 70, 700137.0248898531, 4.825283647, 215, 263, 231, 0, 251, 255, 103, 150, 12, 283
61nic5, non-improving cycles, 72, 686300.7220991253, 3.89263022, 193, 236, 222, 102, 259, 292, 80, 148, 42, 281
62nic5, non-improving cycles, 74, 693994.0696605658, 7.481176568, 179, 259, 240, 120, 264, 293, 109, 158, 60, 286
63nic5, non-improving cycles, 76, 704027.332154043, 5.378354276, 237, 278, 216, 133, 253, 271, 130, 150, 0, 286
64nic5, non-improving cycles, 78, 702149.399961815, 4.56317822, 145, 265, 170, 64, 255, 246, 124, 163, 103, 284
65nic5, non-improving cycles, 80, 691953.6372108039, 4.163060086, 193, 252, 228, 26, 248, 280, 88, 160, 0, 283
66nic5, non-improving cycles, 82, 699381.3007028331, 7.078692994, 212, 269, 235, 116, 252, 263, 186, 139, 45, 280
67nic5, non-improving cycles, 84, 696209.8195573936, 4.65335818, 216, 176, 238, 88, 259, 293, 120, 143, 64, 277
68nic5, non-improving cycles, 86, 689628.6455786666, 9.665738298, 205, 270, 224, 130, 259, 254, 155, 160, 0, 281
69nic5, non-improving cycles, 88, 699628.9730240726, 5.012997814, 234, 208, 191, 57, 260, 281, 102, 142, 0, 281
70nic5, non-improving cycles, 90, 695620.359335104, 8.185004349, 219, 267, 230, 122, 254, 252, 181, 151, 0, 276
71nic5, non-improving cycles, 92, 702094.9682452056, 9.173192477, 201, 261, 210, 62, 243, 251, 119, 153, 0, 274
72nic5, non-improving cycles, 94, 693276.7117375685, 4.290948004, 180, 265, 205, 96, 255, 242, 131, 159, 80, 280
73nic5, non-improving cycles, 96, 684044.1685556213, 9.991505169, 155, 250, 199, 123, 258, 279, 134, 160, 89, 285
74nic5, non-improving cycles, 98, 687833.6245774134, 4.849966409, 216, 258, 148, 0, 259, 287, 70, 153, 71, 280
75nic5, non-improving cycles, 100, 694604.9889323289, 7.859436741, 152, 271, 238, 138, 261, 262, 20, 165, 0, 286
76nic5, non-improving cycles, 104, 685271.3325186261, 9.701829227, 137, 244, 239, 110, 257, 291, 135, 159, 58, 284
77nic5, non-improving cycles, 108, 695316.1575063182, 5.207182854, 175, 271, 236, 125, 261, 253, 110, 160, 149, 285
78nic5, non-improving cycles, 112, 698340.6420232949, 7.657196057, 246, 218, 215, 41, 248, 279, 114, 147, 0, 281
79nic5, non-improving cycles, 116, 699453.987658665, 4.74908143, 183, 267, 192, 90, 258, 251, 86, 151, 83, 275
80nic5, non-improving cycles, 120, 695113.9788958186, 9.451230062, 221, 266, 183, 139, 252, 254, 150, 155, 0, 276
81nic5, non-improving cycles, 124, 699332.9983828617, 8.943347023, 251, 213, 220, 126, 248, 293, 174, 140, 55, 279
82nic5, non-improving cycles, 128, 697215.0264754852, 5.319366767, 233, 157, 196, 83, 260, 294, 116, 152, 18, 278
83nic5, non-improving cycles, 132, 695282.0223262305, 11.408607033, 225, 272, 239, 110, 267, 298, 121, 162, 83, 290
84nic5, non-improving cycles, 136, 693168.4728958483, 18.692534969, 182, 267, 234, 115, 257, 296, 126, 159, 155, 288
85nic5, non-improving cycles, 140, 690383.0233445009, 10.340060085, 185, 234, 176, 129, 251, 291, 0, 161, 40, 282
86nic5, non-improving cycles, 144, 685692.4021172903, 9.269072739, 196, 251, 209, 81, 257, 295, 104, 147, 85, 278
87nic5, non-improving cycles, 148, 686160.0194819558, 16.52764665, 221, 260, 222, 136, 253, 295, 142, 164, 49, 288
88nic5, non-improving cycles, 152, 702410.8242841307, 8.19980508, 192, 250, 119, 39, 261, 278, 57, 156, 44, 280
89nic5, non-improving cycles, 156, 684647.3666219846, 11.593864285, 196, 272, 234, 118, 257, 258, 136, 161, 0, 285
90nic5, non-improving cycles, 160, 671921.8902986145, 12.055626017, 208, 258, 242, 87, 262, 292, 135, 166, 104, 287
91nic5, non-improving cycles, 164, 686968.3530522839, 13.134766682, 204, 244, 232, 74, 255, 297, 141, 164, 85, 288
92nic5, non-improving cycles, 168, 695213.6077844587, 12.28479906, 188, 267, 234, 35, 258, 257, 93, 146, 74, 282
93nic5, non-improving cycles, 172, 687667.8143059665, 9.514113244, 222, 272, 224, 13, 257, 263, 183, 154, 76, 280
94nic5, non-improving cycles, 176, 696260.0494488805, 7.710649273, 228, 275, 240, 25, 261, 266, 59, 152, 0, 273
95nic5, non-improving cycles, 180, 692023.9115834394, 10.784005919, 241, 207, 192, 96, 241, 292, 116, 158, 94, 284
96nic5, non-improving cycles, 184, 706516.5436167998, 9.738042784, 212, 261, 216, 95, 249, 248, 68, 140, 0, 274
97nic5, non-improving cycles, 188, 695922.6408225894, 10.238491504, 213, 244, 186, 123, 247, 290, 144, 150, 0, 279
98nic5, non-improving cycles, 192, 688126.8801795706, 8.434901128, 255, 212, 228, 80, 260, 295, 189, 143, 51, 283
99nic5, non-improving cycles, 196, 686311.8187382203, 8.924746447, 229, 174, 237, 128, 259, 289, 130, 159, 0, 281
100nic5, non-improving cycles, 200, 689828.604855794, 10.495198211, 215, 261, 209, 120, 257, 249, 132, 155, 64, 285
