2nic1, standard removes, 1, 2, 2317730.113871604, 14.119274244, 0, 151, 14, 212, 151, 278, 160, 307, 242, 463
3nic1, standard removes, 1, 3, 2320772.6740057142, 14.829910697, 0, 193, 68, 246, 165, 315, 207, 312, 257, 497
2nic1, standard removes, 1, 2, 2314217.5630789814, 20.444429895, 0, 132, 1, 221, 153, 304, 176, 304, 244, 486
3nic1, standard removes, 1, 3, 2329988.746298681, 13.427028313, 0, 201, 8, 193, 166, 320, 130, 325, 259, 506
4nic1, standard removes, 1, 4, 2358685.904406131, 22.352407624, 0, 112, 63, 225, 156, 243, 186, 317, 247, 436
5nic1, standard removes, 1, 5, 2317823.341291753, 36.274150919, 0, 153, 89, 286, 161, 299, 218, 321, 252, 486
6nic1, standard removes, 1, 6, 2354730.335569102, 52.09156462, 0, 147, 5, 231, 151, 260, 181, 309, 246, 453
7nic1, standard removes, 1, 7, 2372714.0622406546, 43.67521936, 3, 159, 0, 200, 154, 272, 146, 297, 249, 499
8nic1, standard removes, 1, 8, 2346254.419982551, 71.679850751, 0, 210, 28, 245, 169, 331, 207, 337, 260, 517
9nic1, standard removes, 1, 9, 2378649.2048058724, 227.050941301, 0, 205, 27, 243, 168, 326, 187, 343, 270, 514
2nic2, standard removes, 1, 2, 2297763.011667532, 17.068810134, 0, 148, 30, 207, 152, 300, 172, 312, 244, 491
3nic2, standard removes, 1, 3, 2303548.0224294965, 9.52045062, 0, 190, 8, 229, 157, 313, 185, 310, 248, 497
4nic2, standard removes, 1, 4, 2323988.6611993145, 27.165121764, 0, 194, 95, 253, 171, 315, 220, 333, 264, 512
5nic2, standard removes, 1, 5, 2342550.1042394685, 21.54590146, 0, 204, 102, 280, 167, 311, 225, 328, 263, 494
6nic2, standard removes, 1, 6, 2333263.2635263344, 63.618157966, 0, 211, 55, 248, 168, 331, 216, 319, 260, 513
7nic2, standard removes, 1, 7, 2333175.1607243093, 40.393698711, 0, 129, 24, 244, 160, 325, 169, 320, 255, 506
8nic2, standard removes, 1, 8, 2285260.1945688813, 105.944577373, 0, 190, 45, 224, 151, 315, 186, 314, 243, 496
9nic2, standard removes, 1, 9, 2321130.989436917, 413.374706648, 0, 196, 20, 233, 159, 301, 192, 305, 250, 494
2nic3, standard removes, 1, 2, 2327552.391938666, 9.487122403, 19, 172, 0, 210, 170, 323, 131, 329, 261, 508
3nic3, standard removes, 1, 3, 2297797.6450123927, 13.458358617, 0, 205, 79, 265, 158, 314, 215, 317, 250, 500
4nic3, standard removes, 1, 4, 2328496.2383606313, 27.995406008, 7, 186, 0, 167, 163, 308, 123, 316, 255, 489
5nic3, standard removes, 1, 5, 2359692.500397952, 26.585639985, 0, 142, 55, 234, 173, 297, 190, 329, 264, 478
6nic3, standard removes, 1, 6, 2388453.3949836134, 23.801818025, 0, 193, 39, 265, 181, 322, 179, 342, 277, 513
7nic3, standard removes, 1, 7, 2314900.287948362, 41.722316164, 0, 163, 28, 225, 163, 313, 175, 323, 254, 497
8nic3, standard removes, 1, 8, 2293685.772081617, 182.646842239, 0, 177, 82, 239, 158, 315, 206, 319, 252, 502
9nic3, standard removes, 1, 9, 2357173.255057985, 363.293283048, 0, 210, 9, 200, 174, 340, 137, 338, 270, 521
2nic4, standard removes, 1, 2, 2325620.9059846858, 16.980823466, 0, 207, 69, 252, 172, 324, 220, 333, 265, 514
3nic4, standard removes, 1, 3, 2312846.4648947977, 28.919214382, 0, 168, 36, 193, 152, 308, 161, 319, 250, 492
4nic4, standard removes, 1, 4, 2310374.4555343804, 19.213980881, 10, 174, 0, 218, 161, 316, 187, 323, 252, 503
5nic4, standard removes, 1, 5, 2355028.337219818, 21.055672122, 0, 155, 75, 245, 165, 302, 196, 305, 259, 504
6nic4, standard removes, 1, 6, 2327441.334313048, 47.429605771, 0, 160, 30, 217, 160, 301, 155, 315, 252, 485
7nic4, standard removes, 1, 7, 2351767.9761053566, 42.164499921, 1, 206, 0, 184, 165, 314, 123, 300, 257, 497
8nic4, standard removes, 1, 8, 2379499.5782715585, 103.194940422, 0, 164, 88, 265, 153, 335, 222, 338, 252, 518
9nic4, standard removes, 1, 9, 2375689.3570565167, 339.245000834, 0, 202, 2, 242, 156, 333, 166, 335, 268, 514
2nic5, standard removes, 1, 2, 2294716.06113065, 12.590654241, 0, 178, 74, 239, 162, 312, 209, 322, 253, 495
3nic5, standard removes, 1, 3, 2331245.3479493195, 9.95183316, 2, 166, 0, 237, 160, 300, 204, 313, 252, 493
4nic5, standard removes, 1, 4, 2353268.8389042355, 15.276763406, 6, 187, 0, 219, 161, 297, 122, 326, 259, 479
5nic5, standard removes, 1, 5, 2352099.082146645, 37.183692335, 0, 217, 114, 301, 161, 328, 265, 335, 264, 517
6nic5, standard removes, 1, 6, 2369892.343344472, 27.116414503, 0, 160, 13, 227, 170, 305, 195, 313, 262, 488
7nic5, standard removes, 1, 7, 2364808.542238045, 103.94389415, 0, 142, 12, 209, 173, 320, 154, 336, 264, 514
8nic5, standard removes, 1, 8, 2371037.5924540893, 85.207539282, 0, 186, 20, 280, 170, 315, 206, 322, 264, 498
9nic5, standard removes, 1, 9, 2383810.5830139853, 269.708551462, 0, 105, 81, 237, 153, 303, 205, 335, 255, 515
2nic6, standard removes, 1, 2, 2294992.9492125073, 32.830465898, 0, 192, 78, 301, 158, 316, 215, 315, 249, 498
3nic6, standard removes, 1, 3, 2319943.8043319196, 16.031229311, 0, 108, 45, 236, 160, 302, 198, 318, 251, 496
4nic6, standard removes, 1, 4, 2279880.3474582527, 28.399031576, 0, 189, 34, 232, 152, 305, 201, 314, 244, 491
5nic6, standard removes, 1, 5, 2344330.459374591, 30.601944689, 0, 165, 5, 245, 162, 301, 206, 328, 258, 495
6nic6, standard removes, 1, 6, 2345288.8974849083, 51.204760948, 12, 155, 0, 163, 175, 318, 133, 328, 267, 502
7nic6, standard removes, 1, 7, 2330780.695353491, 46.951053609, 0, 152, 43, 241, 161, 292, 193, 321, 254, 494
8nic6, standard removes, 1, 8, 2314873.8925083913, 102.244532364, 0, 194, 66, 228, 161, 310, 190, 322, 256, 495
9nic6, standard removes, 1, 9, 2338720.3336430998, 244.489592556, 0, 97, 18, 223, 160, 306, 187, 324, 254, 491
2nic7, standard removes, 1, 2, 2319880.513593904, 11.141010677, 0, 132, 60, 230, 159, 285, 181, 320, 250, 477
3nic7, standard removes, 1, 3, 2322608.416988413, 13.510289274, 0, 198, 33, 301, 151, 312, 220, 313, 250, 499
4nic7, standard removes, 1, 4, 2336447.8417494255, 25.536962822, 0, 85, 25, 228, 153, 298, 169, 319, 246, 479
5nic7, standard removes, 1, 5, 2345128.6255429126, 34.852668201, 0, 159, 8, 208, 160, 303, 170, 307, 253, 491
6nic7, standard removes, 1, 6, 2312751.4325354937, 52.629315123, 0, 181, 69, 231, 157, 320, 198, 312, 254, 503
7nic7, standard removes, 1, 7, 2341129.53804783, 99.409917043, 0, 155, 81, 294, 153, 304, 205, 316, 246, 503
8nic7, standard removes, 1, 8, 2295789.083178626, 148.772210882, 0, 174, 42, 223, 154, 298, 177, 310, 245, 479
9nic7, standard removes, 1, 9, 2398288.055636504, 196.633148389, 0, 175, 0, 238, 161, 309, 191, 310, 265, 493
2nic8, standard removes, 1, 2, 2312950.063249195, 19.561701864, 0, 182, 47, 220, 158, 298, 189, 316, 251, 495
3nic8, standard removes, 1, 3, 2318115.763152111, 20.207675619, 0, 178, 62, 233, 157, 304, 189, 301, 250, 485
4nic8, standard removes, 1, 4, 2310506.6873329366, 35.990954905, 0, 181, 79, 239, 162, 293, 201, 320, 253, 475
5nic8, standard removes, 1, 5, 2325132.3377772, 55.974019098, 0, 183, 5, 241, 159, 307, 192, 308, 251, 492
6nic8, standard removes, 1, 6, 2358010.0479272176, 26.603042965, 0, 221, 135, 318, 161, 332, 270, 331, 252, 517
7nic8, standard removes, 1, 7, 2406763.7317415588, 37.779930208, 0, 214, 48, 312, 153, 335, 204, 337, 252, 522
8nic8, standard removes, 1, 8, 2345367.1261221943, 121.115759213, 0, 19, 61, 232, 156, 316, 202, 315, 251, 497
9nic8, standard removes, 1, 9, 2380864.1935007274, 196.712864919, 0, 133, 29, 252, 166, 309, 190, 315, 264, 493
2nic9, standard removes, 1, 2, 2316184.1817529546, 11.647078296, 4, 186, 0, 152, 159, 313, 122, 310, 251, 501
3nic9, standard removes, 1, 3, 2325852.29912109, 34.199241079, 0, 215, 15, 221, 151, 322, 174, 321, 244, 504
4nic9, standard removes, 1, 4, 2369793.7840400194, 17.526710172, 0, 169, 56, 251, 170, 288, 218, 321, 264, 475
5nic9, standard removes, 1, 5, 2318333.3330803453, 33.606853364, 0, 192, 27, 306, 158, 321, 203, 323, 252, 503
6nic9, standard removes, 1, 6, 2347862.261178179, 29.592562974, 0, 123, 27, 301, 154, 314, 203, 324, 249, 500
7nic9, standard removes, 1, 7, 2346340.8030422362, 65.37663852, 0, 170, 47, 218, 154, 306, 180, 292, 245, 501
8nic9, standard removes, 1, 8, 2319326.808349234, 172.141566211, 0, 179, 106, 300, 163, 314, 268, 316, 255, 501
9nic9, standard removes, 1, 9, 2354087.387893653, 516.626986596, 0, 215, 10, 230, 161, 325, 156, 304, 252, 508
2nic10, standard removes, 1, 2, 2325094.321794275, 17.454075607, 0, 176, 126, 299, 165, 313, 251, 323, 258, 496
3nic10, standard removes, 1, 3, 2288782.963550773, 16.803213996, 0, 205, 16, 176, 152, 310, 143, 314, 245, 494
4nic10, standard removes, 1, 4, 2353959.731881531, 25.064793527, 3, 204, 0, 166, 177, 336, 126, 322, 271, 518
5nic10, standard removes, 1, 5, 2319731.018918844, 25.202382232, 0, 162, 46, 221, 151, 283, 177, 295, 243, 478
6nic10, standard removes, 1, 6, 2358350.1902862852, 23.876399119, 0, 167, 13, 231, 159, 294, 189, 322, 258, 481
7nic10, standard removes, 1, 7, 2351362.278145089, 80.492668521, 0, 149, 56, 221, 152, 263, 190, 291, 245, 460
8nic10, standard removes, 1, 8, 2374696.3350178422, 123.624652296, 0, 192, 87, 303, 159, 331, 219, 323, 250, 516
9nic10, standard removes, 1, 9, 2405400.39850658, 197.524396309, 0, 97, 42, 223, 175, 316, 183, 326, 272, 508
2nic11, standard removes, 1, 2, 2296748.7232803516, 18.282264385, 0, 176, 78, 234, 151, 291, 203, 307, 245, 484
3nic11, standard removes, 1, 3, 2324896.33897798, 13.049407956, 0, 129, 19, 228, 151, 274, 186, 313, 244, 480
4nic11, standard removes, 1, 4, 2321126.2347778575, 13.291742591, 3, 175, 0, 224, 157, 304, 193, 317, 251, 499
5nic11, standard removes, 1, 5, 2346957.391603495, 25.603856237, 0, 160, 23, 241, 158, 279, 185, 324, 254, 471
6nic11, standard removes, 1, 6, 2338426.7300824267, 42.399552439, 5, 180, 0, 239, 170, 325, 138, 332, 263, 507
7nic11, standard removes, 1, 7, 2327932.8557838504, 44.624707707, 3, 141, 0, 217, 161, 313, 162, 320, 253, 500
8nic11, standard removes, 1, 8, 2373226.959228843, 117.255892062, 0, 126, 25, 240, 167, 289, 199, 317, 260, 478
9nic11, standard removes, 1, 9, 2310881.831628173, 193.967107757, 0, 182, 49, 223, 151, 305, 183, 297, 246, 492
2nic12, standard removes, 1, 2, 2296509.1313461466, 12.24857712, 0, 197, 46, 222, 154, 307, 185, 308, 247, 488
3nic12, standard removes, 1, 3, 2301509.4780530687, 21.785760259, 0, 113, 40, 229, 155, 312, 185, 315, 247, 497
4nic12, standard removes, 1, 4, 2336108.407085652, 23.63058462, 0, 179, 20, 218, 152, 287, 182, 294, 246, 487
5nic12, standard removes, 1, 5, 2396733.3639157633, 20.826021673, 0, 152, 48, 266, 182, 305, 195, 342, 276, 495
6nic12, standard removes, 1, 6, 2393679.1850686846, 29.262066611, 0, 159, 35, 226, 178, 305, 196, 318, 270, 511
7nic12, standard removes, 1, 7, 2315252.148269414, 75.367539106, 0, 121, 83, 268, 156, 296, 205, 315, 247, 491
8nic12, standard removes, 1, 8, 2374707.3491577283, 111.882348058, 0, 145, 65, 244, 159, 287, 213, 321, 262, 487
9nic12, standard removes, 1, 9, 2367785.4830787475, 345.352060524, 4, 166, 0, 252, 171, 315, 125, 324, 265, 497
2nic13, standard removes, 1, 2, 2327627.935803226, 9.142300011, 0, 145, 65, 276, 161, 305, 214, 314, 252, 496
3nic13, standard removes, 1, 3, 2337546.4312238274, 13.881386638, 0, 115, 62, 236, 162, 323, 196, 297, 254, 504
4nic13, standard removes, 1, 4, 2327619.6903475584, 12.766927673, 0, 202, 55, 228, 170, 318, 188, 328, 262, 506
5nic13, standard removes, 1, 5, 2344002.592381642, 66.29990784, 0, 128, 50, 231, 162, 312, 171, 330, 260, 497
6nic13, standard removes, 1, 6, 2356660.7742772866, 49.183617816, 0, 131, 107, 311, 151, 302, 257, 322, 244, 484
7nic13, standard removes, 1, 7, 2356922.724825805, 38.752584827, 0, 151, 7, 202, 173, 329, 138, 326, 265, 514
8nic13, standard removes, 1, 8, 2305278.540746867, 99.51314981, 0, 150, 59, 217, 157, 310, 182, 321, 248, 497
9nic13, standard removes, 1, 9, 2385037.447293382, 181.551499972, 0, 159, 68, 243, 153, 315, 212, 271, 247, 502
2nic14, standard removes, 1, 2, 2302716.4580994975, 14.891385562, 0, 184, 55, 223, 159, 322, 187, 324, 250, 504
3nic14, standard removes, 1, 3, 2300528.8307775436, 15.551801466, 0, 168, 34, 228, 151, 291, 185, 311, 244, 472
4nic14, standard removes, 1, 4, 2341350.4985761554, 22.590110042, 3, 147, 0, 216, 160, 303, 172, 318, 254, 487
5nic14, standard removes, 1, 5, 2309851.8974591773, 42.911421083, 0, 173, 48, 290, 158, 313, 216, 317, 250, 496
6nic14, standard removes, 1, 6, 2338887.8056146624, 30.389485542, 0, 194, 90, 276, 163, 296, 226, 319, 257, 484
7nic14, standard removes, 1, 7, 2368046.9108444084, 86.643997796, 0, 208, 34, 259, 172, 341, 167, 333, 269, 522
8nic14, standard removes, 1, 8, 2365624.011257134, 79.249144817, 0, 185, 93, 274, 174, 296, 214, 325, 265, 477
9nic14, standard removes, 1, 9, 2326772.0925805056, 337.440319531, 0, 183, 50, 240, 163, 323, 205, 327, 255, 510
2nic15, standard removes, 1, 2, 2295261.794255254, 27.582386883, 0, 188, 105, 296, 156, 307, 231, 313, 247, 492
3nic15, standard removes, 1, 3, 2303259.4078119644, 19.219544144, 0, 183, 86, 250, 159, 317, 214, 311, 250, 500
4nic15, standard removes, 1, 4, 2362105.8804931017, 14.623024201, 0, 192, 99, 320, 181, 344, 288, 342, 272, 525
5nic15, standard removes, 1, 5, 2330929.5945869014, 17.344524864, 0, 170, 22, 229, 154, 302, 193, 323, 245, 486
6nic15, standard removes, 1, 6, 2310886.2246447434, 27.628558301, 0, 197, 25, 240, 156, 317, 183, 311, 251, 499
7nic15, standard removes, 1, 7, 2352839.6789701837, 62.947929125, 0, 152, 86, 242, 164, 276, 212, 305, 255, 466
8nic15, standard removes, 1, 8, 2347428.0818845304, 82.030457136, 0, 169, 12, 232, 168, 307, 195, 318, 259, 496
9nic15, standard removes, 1, 9, 2323948.9726311397, 546.299371827, 0, 173, 72, 283, 158, 303, 220, 306, 249, 487
2nic1, standard removes, 2, 2, 1851979.7839655702, 19.788398957, 350, 410, 420, 337, 285, 281, 321, 246, 130, 152
3nic1, standard removes, 2, 3, 1830019.687839606, 37.646299557, 339, 407, 431, 345, 278, 262, 333, 247, 128, 148
4nic1, standard removes, 2, 4, 1838998.4884098195, 18.06094259, 351, 405, 433, 351, 288, 284, 337, 250, 132, 151
5nic1, standard removes, 2, 5, 1894493.6018190712, 40.036861558, 343, 419, 440, 346, 276, 314, 348, 251, 107, 153
6nic1, standard removes, 2, 6, 1904326.2525061418, 60.38519396, 352, 412, 448, 362, 276, 324, 357, 259, 120, 162
7nic1, standard removes, 2, 7, 1912496.7283529765, 70.994631163, 368, 445, 444, 375, 303, 268, 353, 284, 152, 130
8nic1, standard removes, 2, 8, 1921232.6144322571, 154.441592402, 373, 447, 458, 336, 310, 319, 363, 240, 147, 114
9nic1, standard removes, 2, 9, 1895326.5382614653, 370.902129093, 334, 429, 443, 346, 268, 315, 349, 253, 114, 160
2nic2, standard removes, 2, 2, 1891887.1896200955, 15.945288435, 305, 365, 406, 309, 237, 270, 311, 212, 81, 108
3nic2, standard removes, 2, 3, 1876772.4688301086, 17.000281224, 365, 435, 448, 339, 304, 307, 351, 242, 146, 134
4nic2, standard removes, 2, 4, 1887324.2369034141, 26.876014092, 371, 450, 463, 376, 309, 333, 368, 275, 153, 175
5nic2, standard removes, 2, 5, 1920345.4891392486, 18.908776327, 387, 465, 476, 390, 322, 344, 382, 287, 161, 191
6nic2, standard removes, 2, 6, 1911633.1720634764, 39.353649282, 342, 382, 418, 288, 276, 270, 307, 196, 126, 95
7nic2, standard removes, 2, 7, 1911361.2259056768, 73.812281222, 371, 446, 452, 380, 308, 326, 361, 282, 144, 185
8nic2, standard removes, 2, 8, 1900558.2830001805, 161.006808531, 370, 441, 445, 370, 308, 303, 353, 268, 135, 146
9nic2, standard removes, 2, 9, 1920169.0239799393, 349.48708083, 396, 471, 478, 393, 331, 333, 380, 298, 181, 185
2nic3, standard removes, 2, 2, 1879263.3712176245, 27.514158831, 316, 407, 423, 335, 253, 268, 331, 243, 90, 139
3nic3, standard removes, 2, 3, 1945602.8468399267, 15.350216427, 272, 345, 357, 253, 203, 233, 264, 162, 46, 0
4nic3, standard removes, 2, 4, 1847829.5291111656, 63.007945049, 359, 424, 444, 360, 295, 316, 348, 263, 144, 144
5nic3, standard removes, 2, 5, 1882873.5762658399, 42.04737394, 357, 429, 447, 356, 293, 271, 355, 254, 135, 132
6nic3, standard removes, 2, 6, 1921394.4788589703, 28.530383908, 382, 445, 448, 373, 319, 318, 352, 269, 153, 178
7nic3, standard removes, 2, 7, 1917630.717674952, 81.90881007, 331, 388, 405, 294, 268, 247, 311, 179, 103, 75
8nic3, standard removes, 2, 8, 1855640.300710091, 193.523822141, 322, 395, 409, 321, 259, 261, 314, 221, 103, 68
9nic3, standard removes, 2, 9, 1914566.2356522146, 281.757500038, 367, 437, 429, 350, 296, 240, 329, 246, 137, 149
2nic4, standard removes, 2, 2, 1890324.966816076, 17.315387808, 369, 443, 453, 377, 305, 298, 359, 284, 154, 173
3nic4, standard removes, 2, 3, 1852995.0602438287, 16.782254439, 350, 431, 443, 356, 289, 306, 350, 262, 128, 159
4nic4, standard removes, 2, 4, 1850620.4909707601, 18.684973132, 321, 396, 398, 321, 254, 233, 300, 221, 90, 106
5nic4, standard removes, 2, 5, 1864371.0662570668, 19.544943552, 359, 422, 446, 356, 298, 288, 334, 265, 140, 157
6nic4, standard removes, 2, 6, 1884897.3641821523, 35.237522045, 358, 427, 404, 332, 296, 278, 308, 241, 135, 145
7nic4, standard removes, 2, 7, 1882677.2677692084, 48.360030599, 337, 355, 427, 335, 274, 295, 335, 225, 113, 131
8nic4, standard removes, 2, 8, 1915427.4634427233, 191.874390647, 317, 395, 373, 328, 252, 237, 275, 235, 85, 105
9nic4, standard removes, 2, 9, 1906981.3025146304, 301.646946555, 358, 408, 414, 362, 296, 272, 314, 269, 127, 173
2nic5, standard removes, 2, 2, 1842183.365259109, 24.086872257, 348, 419, 418, 348, 287, 289, 326, 246, 124, 146
3nic5, standard removes, 2, 3, 1879878.6679749798, 35.761218584, 325, 361, 410, 322, 264, 187, 318, 212, 110, 65
4nic5, standard removes, 2, 4, 1877374.9443846825, 17.105183912, 364, 423, 442, 349, 302, 308, 351, 251, 145, 135
5nic5, standard removes, 2, 5, 1867037.3451399223, 39.006819249, 294, 368, 361, 278, 217, 230, 260, 181, 65, 90
6nic5, standard removes, 2, 6, 1877253.9834848358, 48.931186219, 328, 391, 430, 343, 267, 299, 336, 242, 109, 135
7nic5, standard removes, 2, 7, 1830505.8731544502, 138.718393866, 316, 388, 408, 312, 250, 279, 316, 221, 95, 119
8nic5, standard removes, 2, 8, 1850983.5733898336, 183.322326736, 322, 387, 381, 304, 258, 254, 285, 198, 104, 106
9nic5, standard removes, 2, 9, 1830061.5965819343, 447.104213928, 341, 414, 412, 329, 277, 252, 320, 233, 123, 142
2nic6, standard removes, 2, 2, 1946638.2535628225, 14.635706832, 387, 449, 435, 393, 323, 314, 344, 299, 172, 176
3nic6, standard removes, 2, 3, 1898367.4119782741, 14.592002627, 309, 373, 398, 301, 245, 228, 303, 207, 65, 94
4nic6, standard removes, 2, 4, 1828404.7572911186, 32.699979656, 340, 406, 426, 340, 278, 295, 335, 221, 125, 127
5nic6, standard removes, 2, 5, 1898036.8915434764, 46.307063646, 371, 418, 436, 363, 310, 304, 341, 263, 152, 153
6nic6, standard removes, 2, 6, 1914183.2793086558, 33.062411276, 378, 455, 436, 381, 317, 284, 327, 285, 160, 174
7nic6, standard removes, 2, 7, 1977092.900822883, 71.24824305, 405, 487, 482, 410, 342, 339, 389, 310, 184, 210
8nic6, standard removes, 2, 8, 1812824.8942360622, 157.89795087, 327, 380, 397, 323, 265, 271, 303, 224, 115, 131
9nic6, standard removes, 2, 9, 1890229.2137169843, 519.79554591, 325, 403, 370, 305, 261, 223, 277, 194, 110, 89
2nic7, standard removes, 2, 2, 1912889.2023247436, 16.755919068, 390, 451, 475, 384, 326, 322, 379, 292, 172, 174
3nic7, standard removes, 2, 3, 1861649.0862532419, 20.77046441, 333, 388, 403, 305, 271, 272, 308, 207, 121, 97
4nic7, standard removes, 2, 4, 1881820.3078832198, 20.398221502, 364, 422, 449, 355, 297, 295, 350, 252, 138, 151
5nic7, standard removes, 2, 5, 1904819.029455292, 30.271457578, 303, 395, 378, 329, 238, 249, 286, 232, 86, 123
6nic7, standard removes, 2, 6, 1937364.3069033255, 35.813745724, 338, 422, 441, 331, 275, 277, 350, 224, 120, 84
7nic7, standard removes, 2, 7, 1962715.0002901715, 51.531341492, 396, 476, 461, 401, 332, 317, 370, 292, 170, 189
8nic7, standard removes, 2, 8, 1929945.9728482477, 173.991918752, 385, 458, 445, 371, 317, 295, 346, 271, 158, 173
9nic7, standard removes, 2, 9, 1935966.9916396558, 382.452564708, 392, 451, 446, 385, 330, 308, 350, 275, 178, 175
2nic8, standard removes, 2, 2, 1907877.8985117176, 18.058604808, 384, 437, 460, 372, 322, 307, 362, 281, 163, 184
3nic8, standard removes, 2, 3, 1918882.561823044, 25.051808367, 371, 422, 453, 345, 310, 288, 361, 244, 138, 144
4nic8, standard removes, 2, 4, 1861032.342380389, 16.938814329, 358, 434, 450, 367, 297, 274, 358, 271, 144, 174
5nic8, standard removes, 2, 5, 1956858.7179961978, 21.198893313, 381, 458, 454, 368, 318, 311, 358, 217, 168, 119
6nic8, standard removes, 2, 6, 1872274.513571912, 69.589248495, 337, 387, 432, 333, 270, 274, 341, 235, 118, 140
7nic8, standard removes, 2, 7, 1924296.4754684274, 74.150858106, 341, 442, 445, 371, 280, 294, 349, 275, 126, 171
8nic8, standard removes, 2, 8, 1844999.3851940327, 234.522776814, 317, 400, 403, 306, 250, 250, 310, 209, 97, 115
9nic8, standard removes, 2, 9, 1834822.5443776678, 490.172220321, 308, 369, 369, 302, 246, 231, 266, 210, 94, 107
2nic9, standard removes, 2, 2, 1945644.4081196333, 22.027510548, 262, 327, 343, 262, 200, 203, 250, 155, 45, 0
3nic9, standard removes, 2, 3, 1913311.5418261648, 29.80085939, 386, 456, 430, 378, 325, 287, 338, 286, 171, 181
4nic9, standard removes, 2, 4, 1917265.4479692085, 26.506946018, 382, 432, 461, 382, 320, 328, 365, 289, 156, 151
5nic9, standard removes, 2, 5, 1919031.8588257043, 19.981154563, 388, 398, 470, 385, 327, 342, 379, 282, 174, 184
6nic9, standard removes, 2, 6, 1908061.8492702013, 40.014037455, 297, 358, 382, 297, 235, 214, 291, 205, 81, 0
7nic9, standard removes, 2, 7, 1806655.2988321134, 105.868921766, 301, 376, 374, 302, 236, 248, 281, 207, 85, 102
8nic9, standard removes, 2, 8, 1895491.9369732193, 209.827497658, 361, 432, 450, 334, 291, 272, 353, 240, 135, 148
9nic9, standard removes, 2, 9, 1931281.754988411, 366.834945704, 366, 442, 437, 371, 295, 272, 340, 257, 123, 166
2nic10, standard removes, 2, 2, 1930576.3067632266, 16.663608155, 275, 350, 339, 275, 211, 213, 247, 169, 59, 0
3nic10, standard removes, 2, 3, 1917188.633383383, 28.13507718, 365, 357, 454, 365, 303, 325, 360, 269, 141, 160
4nic10, standard removes, 2, 4, 1881519.2427443655, 27.836623068, 359, 437, 450, 368, 297, 305, 355, 274, 139, 154
5nic10, standard removes, 2, 5, 1889488.5090255986, 60.472046629, 322, 387, 369, 320, 261, 223, 259, 224, 108, 71
6nic10, standard removes, 2, 6, 1851223.109390196, 56.4867852, 330, 396, 403, 326, 268, 254, 312, 234, 99, 110
7nic10, standard removes, 2, 7, 1853930.1049468282, 118.110212656, 344, 395, 418, 333, 279, 284, 316, 241, 125, 133
8nic10, standard removes, 2, 8, 1869612.7304980685, 191.072429151, 360, 436, 438, 361, 293, 309, 345, 262, 139, 129
9nic10, standard removes, 2, 9, 1838169.8118143943, 493.989793981, 322, 386, 403, 320, 250, 224, 299, 220, 99, 121
2nic11, standard removes, 2, 2, 1944560.946184421, 15.753149831, 394, 469, 473, 365, 324, 317, 375, 274, 164, 182
3nic11, standard removes, 2, 3, 1839291.0868840953, 21.703329144, 344, 409, 409, 342, 282, 251, 313, 251, 122, 152
4nic11, standard removes, 2, 4, 1927949.2922956017, 24.54287601, 350, 403, 436, 332, 286, 314, 344, 241, 92, 125
5nic11, standard removes, 2, 5, 1915687.3977708872, 20.608005136, 385, 423, 466, 378, 323, 276, 359, 284, 172, 174
6nic11, standard removes, 2, 6, 1881951.4789653367, 36.992139844, 360, 412, 430, 337, 297, 290, 337, 244, 137, 148
7nic11, standard removes, 2, 7, 1899861.5210033641, 112.003499927, 334, 412, 411, 348, 265, 285, 320, 256, 109, 124
8nic11, standard removes, 2, 8, 1896990.3847426735, 142.243868744, 353, 427, 424, 362, 292, 272, 326, 268, 127, 160
9nic11, standard removes, 2, 9, 1907286.8229794921, 300.653062277, 341, 407, 406, 295, 275, 245, 310, 194, 123, 86
2nic12, standard removes, 2, 2, 1919988.494215005, 17.416923165, 353, 389, 410, 353, 287, 229, 309, 255, 119, 133
3nic12, standard removes, 2, 3, 1867057.8999132952, 15.530621976, 371, 443, 454, 366, 304, 306, 363, 269, 148, 172
4nic12, standard removes, 2, 4, 1855986.5595750215, 41.514475966, 341, 415, 424, 312, 273, 293, 331, 216, 118, 107
5nic12, standard removes, 2, 5, 1887871.4254610674, 36.955982056, 322, 387, 412, 325, 240, 274, 310, 234, 76, 137
6nic12, standard removes, 2, 6, 1899695.5842965813, 41.34403631, 374, 436, 461, 360, 312, 334, 368, 263, 150, 155
7nic12, standard removes, 2, 7, 1912484.582715394, 124.974119647, 352, 435, 428, 361, 290, 292, 333, 254, 111, 151
8nic12, standard removes, 2, 8, 1874932.9038511459, 101.822376785, 337, 417, 433, 342, 275, 300, 334, 230, 119, 123
9nic12, standard removes, 2, 9, 1879894.635138351, 449.583772089, 336, 367, 398, 330, 275, 251, 306, 237, 105, 127
2nic13, standard removes, 2, 2, 1831168.4799875584, 26.278694399, 341, 388, 414, 334, 279, 268, 318, 243, 124, 148
3nic13, standard removes, 2, 3, 1833114.535429623, 23.708551822, 355, 391, 437, 354, 293, 288, 346, 258, 143, 162
4nic13, standard removes, 2, 4, 1892518.2871855162, 23.412544875, 366, 436, 452, 361, 298, 324, 355, 257, 134, 148
5nic13, standard removes, 2, 5, 1847569.4256112007, 24.917415932, 327, 405, 418, 312, 264, 254, 317, 219, 110, 107
6nic13, standard removes, 2, 6, 1940406.5180543852, 45.111767779, 364, 432, 425, 378, 297, 296, 328, 282, 143, 167
7nic13, standard removes, 2, 7, 1916949.6657836377, 109.629723207, 315, 379, 426, 328, 254, 263, 334, 235, 88, 142
8nic13, standard removes, 2, 8, 1906400.1000120905, 243.918010749, 370, 430, 459, 374, 305, 334, 367, 265, 147, 138
9nic13, standard removes, 2, 9, 1916075.0126217455, 703.560825518, 366, 427, 452, 364, 305, 301, 361, 262, 116, 151
2nic14, standard removes, 2, 2, 1913995.575105858, 16.558069029, 392, 464, 477, 389, 331, 324, 385, 277, 173, 185
3nic14, standard removes, 2, 3, 1921628.4780356023, 14.236740997, 359, 401, 447, 365, 288, 317, 348, 256, 121, 161
4nic14, standard removes, 2, 4, 1912972.561984126, 27.710886682, 376, 455, 468, 357, 314, 280, 375, 265, 156, 168
5nic14, standard removes, 2, 5, 1861816.8303854635, 32.130244267, 299, 369, 387, 316, 237, 245, 295, 223, 78, 132
6nic14, standard removes, 2, 6, 1873349.787364028, 42.121509928, 344, 417, 407, 311, 271, 277, 314, 215, 118, 121
7nic14, standard removes, 2, 7, 1904533.2835348817, 108.06227952, 351, 393, 408, 339, 282, 264, 315, 241, 124, 124
8nic14, standard removes, 2, 8, 1911306.2896041474, 300.017440884, 366, 438, 444, 366, 293, 274, 343, 267, 121, 159
9nic14, standard removes, 2, 9, 1868847.6988364165, 406.379974197, 354, 424, 401, 332, 293, 277, 310, 232, 136, 139
2nic15, standard removes, 2, 2, 1879411.1919477507, 16.8608036, 373, 399, 457, 363, 312, 328, 363, 271, 159, 168
3nic15, standard removes, 2, 3, 1890654.015571266, 15.952199871, 342, 418, 411, 350, 270, 267, 314, 252, 107, 155
4nic15, standard removes, 2, 4, 1925605.539363534, 16.177916918, 307, 403, 426, 329, 242, 269, 332, 232, 90, 120
5nic15, standard removes, 2, 5, 1858309.5638501616, 29.087374907, 353, 427, 443, 358, 291, 298, 351, 267, 137, 123
6nic15, standard removes, 2, 6, 1814663.8894537012, 73.5641841, 315, 385, 404, 316, 252, 283, 313, 211, 95, 120
7nic15, standard removes, 2, 7, 1944511.0347684675, 52.258476106, 387, 450, 475, 386, 326, 342, 383, 294, 154, 150
8nic15, standard removes, 2, 8, 1878038.7885783166, 207.383094941, 335, 385, 402, 337, 271, 272, 307, 223, 108, 124
9nic15, standard removes, 2, 9, 1916704.5181861, 461.479343313, 349, 432, 414, 330, 288, 284, 322, 237, 113, 130
2nic1, standard removes, 3, 2, 736395.4322316917, 9.101277717, 217, 266, 236, 97, 259, 252, 131, 182, 99, 165
3nic1, standard removes, 3, 3, 734681.6069744782, 14.928126779, 229, 273, 233, 113, 259, 267, 123, 168, 88, 150
4nic1, standard removes, 3, 4, 731437.4632004388, 19.175432765, 225, 269, 235, 99, 257, 256, 131, 177, 84, 154
5nic1, standard removes, 3, 5, 733042.4441243522, 16.408342584, 206, 274, 229, 85, 256, 268, 127, 180, 58, 153
6nic1, standard removes, 3, 6, 734886.1812047814, 16.691423613, 211, 262, 217, 122, 259, 255, 141, 181, 70, 161
7nic1, standard removes, 3, 7, 738721.1398870295, 31.792263852, 206, 274, 210, 83, 241, 267, 141, 178, 101, 162
8nic1, standard removes, 3, 8, 734910.9292120533, 32.016633795, 217, 265, 223, 0, 257, 256, 102, 179, 60, 161
9nic1, standard removes, 3, 9, 742434.0886729881, 64.046888665, 219, 270, 238, 43, 260, 259, 104, 173, 67, 146
2nic2, standard removes, 3, 2, 729504.0076167844, 8.129063188, 230, 274, 237, 57, 260, 264, 143, 182, 70, 165
3nic2, standard removes, 3, 3, 727684.4795910898, 11.168336147, 218, 273, 237, 106, 256, 257, 119, 178, 76, 161
4nic2, standard removes, 3, 4, 729169.8294665315, 9.809815932, 222, 264, 234, 43, 260, 258, 120, 179, 61, 160
5nic2, standard removes, 3, 5, 729305.2349143962, 15.799665332, 205, 272, 219, 93, 258, 264, 114, 176, 76, 159
6nic2, standard removes, 3, 6, 735268.6835302752, 16.845968393, 208, 262, 240, 50, 260, 249, 106, 179, 60, 159
7nic2, standard removes, 3, 7, 730203.5941407878, 55.709556028, 217, 274, 198, 76, 255, 260, 130, 180, 93, 161
8nic2, standard removes, 3, 8, 735761.3786152315, 45.781998879, 216, 273, 236, 78, 260, 254, 106, 176, 73, 154
9nic2, standard removes, 3, 9, 731359.8319675719, 180.374914364, 209, 264, 226, 115, 260, 254, 139, 176, 79, 160
2nic3, standard removes, 3, 2, 737131.862252641, 8.455609584, 224, 274, 235, 0, 259, 265, 54, 179, 73, 149
3nic3, standard removes, 3, 3, 733880.5162191384, 13.969446349, 227, 273, 170, 39, 260, 262, 121, 179, 0, 162
4nic3, standard removes, 3, 4, 734020.182295419, 12.037671351, 228, 270, 228, 91, 259, 259, 112, 174, 62, 154
5nic3, standard removes, 3, 5, 726890.9770640626, 17.888688184, 229, 273, 231, 84, 259, 260, 127, 176, 70, 160
6nic3, standard removes, 3, 6, 727904.6923148325, 21.612830445, 227, 273, 229, 106, 259, 262, 130, 178, 94, 154
7nic3, standard removes, 3, 7, 732429.1820631728, 19.902526626, 223, 274, 214, 83, 260, 267, 118, 177, 89, 150
8nic3, standard removes, 3, 8, 741200.2282270554, 32.850727921, 212, 270, 227, 82, 263, 251, 97, 183, 95, 164
9nic3, standard removes, 3, 9, 729631.2813097413, 162.501200354, 210, 274, 239, 90, 255, 259, 138, 179, 41, 162
2nic4, standard removes, 3, 2, 725295.1198534963, 13.180163815, 218, 275, 215, 61, 260, 265, 123, 179, 99, 159
3nic4, standard removes, 3, 3, 730250.3638375548, 13.726998252, 216, 271, 228, 76, 258, 262, 107, 179, 66, 157
4nic4, standard removes, 3, 4, 740400.6087475186, 14.748466153, 211, 262, 229, 45, 253, 246, 101, 175, 79, 158
5nic4, standard removes, 3, 5, 732966.1801756072, 21.295619484, 205, 272, 237, 80, 252, 261, 134, 177, 88, 158
6nic4, standard removes, 3, 6, 728161.4564875313, 23.337680591, 229, 274, 185, 25, 260, 268, 102, 179, 47, 161
7nic4, standard removes, 3, 7, 732833.379341839, 28.024526054, 219, 269, 230, 30, 257, 255, 91, 178, 44, 161
8nic4, standard removes, 3, 8, 730022.5545740019, 41.957326452, 202, 274, 231, 104, 253, 265, 134, 179, 96, 159
9nic4, standard removes, 3, 9, 729785.354215364, 201.857184505, 223, 272, 236, 66, 257, 266, 123, 175, 83, 153
2nic5, standard removes, 3, 2, 722547.3665504765, 7.04857204, 225, 274, 195, 68, 260, 268, 127, 179, 95, 162
3nic5, standard removes, 3, 3, 727033.8719010499, 7.079837809, 212, 274, 234, 120, 260, 255, 142, 178, 50, 162
4nic5, standard removes, 3, 4, 729897.6565191529, 15.772126284, 225, 272, 232, 109, 255, 263, 124, 178, 21, 158
5nic5, standard removes, 3, 5, 739218.5070658805, 14.712425183, 211, 270, 237, 0, 261, 263, 39, 180, 87, 156
6nic5, standard removes, 3, 6, 729253.9430548546, 22.037459202, 223, 273, 228, 79, 259, 264, 104, 180, 35, 157
7nic5, standard removes, 3, 7, 738032.6231298349, 33.274567796, 205, 258, 237, 81, 258, 243, 96, 177, 84, 160
8nic5, standard removes, 3, 8, 729507.3641775029, 84.661191249, 232, 277, 217, 134, 263, 266, 144, 183, 61, 167
9nic5, standard removes, 3, 9, 728289.096792669, 74.827042455, 219, 272, 202, 103, 258, 256, 118, 178, 76, 162
2nic6, standard removes, 3, 2, 727702.67175416, 12.122299879, 221, 271, 210, 67, 258, 259, 94, 179, 81, 162
3nic6, standard removes, 3, 3, 729061.8624890237, 8.462895657, 216, 267, 223, 90, 259, 247, 113, 180, 100, 164
4nic6, standard removes, 3, 4, 728960.5214409435, 8.767454786, 211, 272, 219, 65, 255, 260, 97, 180, 88, 164
5nic6, standard removes, 3, 5, 732691.8136058227, 19.410189613, 227, 268, 194, 96, 259, 258, 126, 175, 92, 157
6nic6, standard removes, 3, 6, 748760.2539682435, 16.230789984, 219, 274, 198, 92, 262, 266, 112, 170, 50, 152
7nic6, standard removes, 3, 7, 732229.1530679422, 47.431960822, 200, 270, 227, 57, 257, 263, 109, 176, 91, 156
8nic6, standard removes, 3, 8, 727968.3839465955, 75.051137862, 220, 271, 236, 119, 253, 263, 138, 178, 65, 160
9nic6, standard removes, 3, 9, 746031.4106761917, 104.044071343, 223, 265, 230, 59, 257, 254, 120, 180, 55, 143
2nic7, standard removes, 3, 2, 723255.3925066851, 13.945872443, 220, 273, 216, 110, 257, 265, 141, 180, 80, 163
3nic7, standard removes, 3, 3, 731927.9832683101, 7.218259857, 230, 275, 237, 95, 260, 265, 110, 175, 65, 151
4nic7, standard removes, 3, 4, 732029.5870469988, 9.133419379, 212, 270, 232, 102, 256, 247, 128, 177, 96, 161
5nic7, standard removes, 3, 5, 728605.0911847244, 19.710306763, 223, 267, 232, 109, 261, 256, 138, 180, 97, 163
6nic7, standard removes, 3, 6, 732132.6399957442, 17.003835238, 220, 272, 236, 50, 260, 252, 117, 178, 56, 160
7nic7, standard removes, 3, 7, 731773.6766158803, 58.971068957, 224, 267, 215, 79, 256, 259, 108, 175, 71, 158
8nic7, standard removes, 3, 8, 742027.6768466132, 38.218476149, 205, 269, 237, 117, 250, 245, 133, 176, 54, 158
9nic7, standard removes, 3, 9, 733426.9466921291, 124.994709301, 218, 265, 202, 112, 257, 253, 127, 176, 64, 159
2nic8, standard removes, 3, 2, 730910.2226954082, 14.688355735, 222, 266, 226, 67, 258, 260, 102, 178, 56, 158
3nic8, standard removes, 3, 3, 730901.3660465622, 10.576840715, 212, 263, 238, 115, 260, 247, 131, 178, 85, 162
4nic8, standard removes, 3, 4, 733299.3262992046, 8.448669039, 224, 265, 232, 62, 257, 257, 129, 179, 48, 157
5nic8, standard removes, 3, 5, 733499.364887416, 17.269765072, 219, 273, 214, 112, 250, 267, 124, 176, 87, 157
6nic8, standard removes, 3, 6, 735230.3898674811, 16.603927296, 225, 272, 239, 63, 259, 257, 92, 171, 82, 155
7nic8, standard removes, 3, 7, 730195.5641349927, 36.251836567, 224, 270, 209, 87, 254, 262, 112, 177, 91, 159
8nic8, standard removes, 3, 8, 724854.852037228, 38.169160926, 216, 267, 234, 65, 259, 258, 128, 179, 92, 163
9nic8, standard removes, 3, 9, 735609.5440281206, 69.48467526, 216, 270, 215, 49, 258, 247, 73, 180, 64, 162
2nic9, standard removes, 3, 2, 729435.9248774176, 15.665989021, 213, 268, 222, 108, 256, 255, 131, 178, 80, 162
3nic9, standard removes, 3, 3, 732050.0605480056, 7.695751309, 215, 274, 224, 107, 260, 268, 125, 180, 84, 147
4nic9, standard removes, 3, 4, 731440.7545184642, 12.517861418, 215, 270, 226, 91, 257, 249, 132, 180, 67, 163
5nic9, standard removes, 3, 5, 729191.736348535, 11.346776238, 214, 273, 229, 117, 261, 251, 127, 181, 98, 165
6nic9, standard removes, 3, 6, 730285.5819623494, 25.637923816, 223, 268, 240, 118, 257, 257, 130, 176, 86, 159
7nic9, standard removes, 3, 7, 728754.0309853246, 28.519843028, 208, 270, 199, 54, 256, 263, 138, 179, 88, 163
8nic9, standard removes, 3, 8, 736924.4590185292, 57.965030885, 226, 269, 221, 83, 259, 259, 98, 174, 83, 151
9nic9, standard removes, 3, 9, 738860.1236454162, 157.424195792, 190, 275, 240, 0, 258, 263, 102, 175, 32, 158
2nic10, standard removes, 3, 2, 724274.486350952, 14.782424436, 228, 274, 234, 116, 258, 265, 127, 180, 0, 163
3nic10, standard removes, 3, 3, 723961.7747759512, 7.893190262, 223, 274, 227, 0, 260, 268, 122, 180, 42, 164
4nic10, standard removes, 3, 4, 727420.8862556242, 14.979235249, 226, 265, 238, 100, 259, 258, 118, 177, 75, 160
5nic10, standard removes, 3, 5, 727574.2522147933, 22.25594307, 212, 270, 206, 92, 256, 261, 107, 178, 102, 162
6nic10, standard removes, 3, 6, 742275.7840653292, 15.196822985, 208, 269, 214, 93, 252, 260, 109, 168, 78, 152
7nic10, standard removes, 3, 7, 728079.2407836652, 32.572529576, 211, 264, 238, 85, 258, 258, 134, 176, 100, 160
8nic10, standard removes, 3, 8, 729302.8266464563, 36.517577243, 216, 274, 238, 113, 251, 263, 127, 178, 97, 161
9nic10, standard removes, 3, 9, 733150.5754377749, 124.166697768, 215, 270, 202, 91, 257, 254, 106, 178, 68, 160
2nic11, standard removes, 3, 2, 726066.7293082417, 18.396806938, 226, 269, 239, 103, 260, 259, 126, 176, 98, 160
3nic11, standard removes, 3, 3, 737872.6766622646, 7.486768142, 211, 275, 240, 72, 248, 266, 120, 176, 92, 156
4nic11, standard removes, 3, 4, 733522.9239906411, 12.772137233, 216, 274, 239, 94, 256, 259, 126, 176, 57, 156
5nic11, standard removes, 3, 5, 732806.5881178055, 11.138472729, 224, 274, 242, 66, 257, 260, 139, 182, 99, 165
6nic11, standard removes, 3, 6, 732614.5034968063, 12.954806468, 218, 276, 232, 125, 258, 269, 135, 183, 93, 167
7nic11, standard removes, 3, 7, 731501.298304911, 25.236804942, 229, 274, 194, 56, 261, 266, 116, 179, 83, 159
8nic11, standard removes, 3, 8, 733434.6268719478, 46.126361274, 201, 269, 212, 82, 260, 251, 93, 179, 92, 160
9nic11, standard removes, 3, 9, 732493.171681276, 129.714766465, 229, 268, 201, 104, 259, 261, 124, 177, 68, 154
2nic12, standard removes, 3, 2, 738713.8918950227, 9.738117803, 207, 272, 227, 127, 259, 243, 137, 181, 61, 161
3nic12, standard removes, 3, 3, 728921.9789605546, 7.884961035, 224, 263, 223, 108, 254, 257, 138, 179, 85, 163
4nic12, standard removes, 3, 4, 731620.4139167339, 14.501810037, 214, 274, 235, 98, 257, 255, 119, 177, 72, 159
5nic12, standard removes, 3, 5, 726196.4016338608, 14.377727128, 225, 267, 233, 76, 258, 260, 123, 180, 54, 163
6nic12, standard removes, 3, 6, 727725.8648108392, 22.238726014, 222, 274, 240, 110, 260, 263, 120, 175, 35, 159
7nic12, standard removes, 3, 7, 732089.5593065484, 47.402224845, 204, 273, 230, 66, 259, 259, 101, 175, 90, 158
8nic12, standard removes, 3, 8, 736959.3195094585, 49.544683092, 218, 273, 219, 96, 248, 255, 123, 180, 91, 161
9nic12, standard removes, 3, 9, 736859.8986529738, 129.171452854, 226, 271, 235, 64, 258, 264, 97, 177, 57, 147
2nic13, standard removes, 3, 2, 728421.6478470243, 9.740884777, 228, 276, 241, 68, 261, 262, 128, 177, 86, 161
3nic13, standard removes, 3, 3, 737467.9245788858, 10.754657579, 218, 268, 213, 108, 248, 259, 127, 175, 89, 156
4nic13, standard removes, 3, 4, 722373.0984011706, 18.111527235, 227, 275, 205, 116, 258, 265, 138, 180, 97, 162
5nic13, standard removes, 3, 5, 739925.1894943281, 14.244589979, 218, 271, 224, 93, 254, 253, 113, 177, 48, 152
6nic13, standard removes, 3, 6, 744854.3554929658, 12.763613658, 222, 264, 212, 88, 255, 257, 128, 168, 51, 148
7nic13, standard removes, 3, 7, 726980.113091577, 27.213407908, 227, 274, 209, 58, 260, 266, 140, 181, 96, 162
8nic13, standard removes, 3, 8, 737088.2262619438, 79.930726887, 219, 277, 223, 39, 259, 270, 124, 179, 50, 160
9nic13, standard removes, 3, 9, 733227.7730031651, 139.759724992, 221, 264, 236, 129, 260, 252, 145, 182, 103, 166
2nic14, standard removes, 3, 2, 728199.4028975384, 19.028179323, 226, 272, 237, 34, 256, 260, 99, 179, 72, 162
3nic14, standard removes, 3, 3, 734160.6456617712, 14.864390858, 219, 264, 225, 42, 256, 251, 111, 176, 64, 160
4nic14, standard removes, 3, 4, 733574.9737677441, 9.99364589, 222, 267, 212, 89, 255, 258, 121, 177, 82, 156
5nic14, standard removes, 3, 5, 728750.4862933051, 12.801713173, 229, 275, 236, 127, 261, 269, 139, 175, 41, 159
6nic14, standard removes, 3, 6, 732049.2918627703, 28.719409858, 214, 273, 192, 94, 259, 258, 118, 178, 78, 158
7nic14, standard removes, 3, 7, 733228.3609430764, 27.657181178, 222, 269, 233, 97, 252, 256, 113, 180, 71, 161
8nic14, standard removes, 3, 8, 732850.6708405237, 48.658748482, 207, 272, 225, 0, 258, 257, 102, 179, 69, 162
9nic14, standard removes, 3, 9, 724972.4435807806, 104.347660523, 228, 273, 221, 111, 259, 263, 134, 180, 83, 158
2nic15, standard removes, 3, 2, 730751.0338104018, 6.282399138, 223, 263, 235, 112, 261, 255, 137, 181, 80, 161
3nic15, standard removes, 3, 3, 734804.1494746343, 12.241128544, 207, 260, 240, 85, 259, 241, 132, 179, 90, 163
4nic15, standard removes, 3, 4, 731009.9867597603, 13.468415049, 217, 274, 239, 112, 260, 249, 123, 177, 63, 160
5nic15, standard removes, 3, 5, 735872.0977244198, 24.221587725, 208, 253, 220, 70, 260, 241, 110, 180, 88, 163
6nic15, standard removes, 3, 6, 727049.1649266172, 16.472633625, 224, 276, 210, 106, 258, 262, 145, 181, 92, 165
7nic15, standard removes, 3, 7, 723398.9997330535, 41.371351324, 216, 269, 222, 113, 259, 259, 141, 179, 102, 163
8nic15, standard removes, 3, 8, 729937.7130605238, 44.244830204, 228, 274, 166, 107, 259, 263, 133, 177, 92, 158
9nic15, standard removes, 3, 9, 739412.8027275191, 92.651824534, 220, 265, 228, 0, 254, 252, 51, 176, 78, 159
